{
    "aabb_scale": 128,
    "camera_angle_x": 0.0,
    "camera_angle_y": 0.0,
    "cx": 320.0,
    "cy": 240.0,
    "fl_x": 607.7645263671875,
    "fl_y": 607.7645263671875,
    "frames": [
        {
            "file_path": "/home/initial/workspace/omniverse_ros2/src/xarm_control_isaac/xarm_control/data/image/0000.jpg",
            "sharpness": 300.0,
            "transform_matrix": [
                [
                    0.6752412924387168,
                    0.6674542577086129,
                    -0.31393313117977184,
                    -1.3226076409517957
                ],
                [
                    -0.736494486936673,
                    0.5868538359513573,
                    -0.3364200439050335,
                    -0.8207980850744342
                ],
                [
                    -0.0403121284178634,
                    0.45837472562939385,
                    0.8878443237452159,
                    3.684698024483698
                ],
                [
                    0.0,
                    0.0,
                    0.0,
                    1.0
                ]
            ]
        },
        {
            "file_path": "/home/initial/workspace/omniverse_ros2/src/xarm_control_isaac/xarm_control/data/image/0001.jpg",
            "sharpness": 300.0,
            "transform_matrix": [
                [
                    0.7373704747651144,
                    0.5932058395333858,
                    -0.32309691253269623,
                    -1.3346701619783727
                ],
                [
                    -0.6753506161066132,
                    0.6377517986237706,
                    -0.37037033989854506,
                    -0.9857581297171288
                ],
                [
                    -0.013650211320267827,
                    0.49130385231100787,
                    0.8708812757404282,
                    3.639634111888338
                ],
                [
                    0.0,
                    0.0,
                    0.0,
                    1.0
                ]
            ]
        },
        {
            "file_path": "/home/initial/workspace/omniverse_ros2/src/xarm_control_isaac/xarm_control/data/image/0002.jpg",
            "sharpness": 300.0,
            "transform_matrix": [
                [
                    0.7981152085555177,
                    0.5303212195123704,
                    -0.28595719611035286,
                    -1.2281785619549141
                ],
                [
                    -0.6023141980012431,
                    0.6903346421871368,
                    -0.4008187728668372,
                    -1.1545377866909206
                ],
                [
                    -0.015156541772515584,
                    0.49213563773747376,
                    0.8703865769359197,
                    3.6274812086428776
                ],
                [
                    0.0,
                    0.0,
                    0.0,
                    1.0
                ]
            ]
        },
        {
            "file_path": "/home/initial/workspace/omniverse_ros2/src/xarm_control_isaac/xarm_control/data/image/0003.jpg",
            "sharpness": 300.0,
            "transform_matrix": [
                [
                    0.8515298485568473,
                    0.46309454692959967,
                    -0.24584620725327747,
                    -1.106707420417319
                ],
                [
                    -0.524052048936161,
                    0.7371551422704514,
                    -0.42658146493963134,
                    -1.3117766944489844
                ],
                [
                    -0.016320754350342807,
                    0.49208305887146647,
                    0.8703952528300788,
                    3.613092939504012
                ],
                [
                    0.0,
                    0.0,
                    0.0,
                    1.0
                ]
            ]
        },
        {
            "file_path": "/home/initial/workspace/omniverse_ros2/src/xarm_control_isaac/xarm_control/data/image/0004.jpg",
            "sharpness": 300.0,
            "transform_matrix": [
                [
                    0.9007745733546757,
                    0.3847930910460375,
                    -0.2013440962157519,
                    -0.9593076350906564
                ],
                [
                    -0.43399606874492463,
                    0.7806162349744699,
                    -0.4497618325383264,
                    -1.4631541649470614
                ],
                [
                    -0.01589277545467526,
                    0.4925165690385643,
                    0.8701579448070494,
                    3.5970694670599346
                ],
                [
                    0.0,
                    0.0,
                    0.0,
                    1.0
                ]
            ]
        },
        {
            "file_path": "/home/initial/workspace/omniverse_ros2/src/xarm_control_isaac/xarm_control/data/image/0005.jpg",
            "sharpness": 300.0,
            "transform_matrix": [
                [
                    0.9333762535923975,
                    0.32032816600300884,
                    -0.16185992491957166,
                    -0.8337578832759212
                ],
                [
                    -0.35845027841006744,
                    0.8094684975538889,
                    -0.4650528457880834,
                    -1.575382995255831
                ],
                [
                    -0.017949014946945948,
                    0.4920880180750174,
                    0.8703603939342804,
                    3.5809239324975928
                ],
                [
                    0.0,
                    0.0,
                    0.0,
                    1.0
                ]
            ]
        },
        {
            "file_path": "/home/initial/workspace/omniverse_ros2/src/xarm_control_isaac/xarm_control/data/image/0006.jpg",
            "sharpness": 300.0,
            "transform_matrix": [
                [
                    0.9653843788048634,
                    0.23487742649859134,
                    -0.11342660922793607,
                    -0.6648259857658058
                ],
                [
                    -0.2602448037096855,
                    0.8382215779875389,
                    -0.4792256549248879,
                    -1.6925443713820667
                ],
                [
                    -0.017482657168043165,
                    0.4921556468409961,
                    0.8703316471212946,
                    3.5627657738831795
                ],
                [
                    0.0,
                    0.0,
                    0.0,
                    1.0
                ]
            ]
        },
        {
            "file_path": "/home/initial/workspace/omniverse_ros2/src/xarm_control_isaac/xarm_control/data/image/0007.jpg",
            "sharpness": 300.0,
            "transform_matrix": [
                [
                    0.9849526169016222,
                    0.1587433829185788,
                    -0.06832920926084132,
                    -0.508469193750038
                ],
                [
                    -0.17178459622184652,
                    0.8559486873970877,
                    -0.4876903700547101,
                    -1.7818065254193458
                ],
                [
                    -0.018931322181600204,
                    0.4920898118461389,
                    0.870338567522828,
                    3.544943523524772
                ],
                [
                    0.0,
                    0.0,
                    0.0,
                    1.0
                ]
            ]
        },
        {
            "file_path": "/home/initial/workspace/omniverse_ros2/src/xarm_control_isaac/xarm_control/data/image/0008.jpg",
            "sharpness": 300.0,
            "transform_matrix": [
                [
                    0.997339001952407,
                    0.0707611392105176,
                    -0.017543556144819224,
                    -0.31811839437413364
                ],
                [
                    -0.0701998233664574,
                    0.8672054486224771,
                    -0.4929773774513454,
                    -1.8629139151592022
                ],
                [
                    -0.019669773356468967,
                    0.49289712015502574,
                    0.8698652360906186,
                    3.5253868485411695
                ],
                [
                    0.0,
                    0.0,
                    0.0,
                    1.0
                ]
            ]
        },
        {
            "file_path": "/home/initial/workspace/omniverse_ros2/src/xarm_control_isaac/xarm_control/data/image/0009.jpg",
            "sharpness": 300.0,
            "transform_matrix": [
                [
                    0.9996099727076279,
                    -0.0071922362078757065,
                    0.026984703107233825,
                    -0.15001166643931443
                ],
                [
                    0.019565496177183506,
                    0.8698455860179976,
                    -0.4929359469995533,
                    -1.9166726114273842
                ],
                [
                    -0.019927213121659806,
                    0.49327165763231917,
                    0.869647042169332,
                    3.5076862175137946
                ],
                [
                    0.0,
                    0.0,
                    0.0,
                    1.0
                ]
            ]
        },
        {
            "file_path": "/home/initial/workspace/omniverse_ros2/src/xarm_control_isaac/xarm_control/data/image/0010.jpg",
            "sharpness": 300.0,
            "transform_matrix": [
                [
                    0.9924074384375826,
                    -0.09648759800173812,
                    0.07627332145390456,
                    0.048660477610665914
                ],
                [
                    0.12155112487244456,
                    0.8641077336396,
                    -0.4884087926179032,
                    -1.9554752893064453
                ],
                [
                    -0.018782975696067607,
                    0.49397162681280554,
                    0.8692751185487319,
                    3.4890899316054576
                ],
                [
                    0.0,
                    0.0,
                    0.0,
                    1.0
                ]
            ]
        },
        {
            "file_path": "/home/initial/workspace/omniverse_ros2/src/xarm_control_isaac/xarm_control/data/image/0011.jpg",
            "sharpness": 300.0,
            "transform_matrix": [
                [
                    0.9761323069893046,
                    -0.1792016100006668,
                    0.12268863934736104,
                    0.23400748449338107
                ],
                [
                    0.21639856517925105,
                    0.8503409177367952,
                    -0.4796790433309616,
                    -1.9748659487221896
                ],
                [
                    -0.018367913330025767,
                    0.49477985669963764,
                    0.8688242130397766,
                    3.4706116149432056
                ],
                [
                    0.0,
                    0.0,
                    0.0,
                    1.0
                ]
            ]
        },
        {
            "file_path": "/home/initial/workspace/omniverse_ros2/src/xarm_control_isaac/xarm_control/data/image/0012.jpg",
            "sharpness": 300.0,
            "transform_matrix": [
                [
                    0.9510460224374886,
                    -0.2596496060821337,
                    0.1676112921829096,
                    0.41805480436291936
                ],
                [
                    0.3085402511172925,
                    0.8288261329582985,
                    -0.4667442069976565,
                    -1.9749181116565986
                ],
                [
                    -0.017730669652045027,
                    0.4956100517410699,
                    0.8683641517053226,
                    3.4532489966406734
                ],
                [
                    0.0,
                    0.0,
                    0.0,
                    1.0
                ]
            ]
        },
        {
            "file_path": "/home/initial/workspace/omniverse_ros2/src/xarm_control_isaac/xarm_control/data/image/0013.jpg",
            "sharpness": 300.0,
            "transform_matrix": [
                [
                    0.9220196952914151,
                    -0.32797780796846226,
                    0.20569452830575818,
                    0.5797830179241562
                ],
                [
                    0.38676310335750097,
                    0.8038765559858974,
                    -0.4518813833491341,
                    -1.9614794922759384
                ],
                [
                    -0.017145943426971174,
                    0.49619858949462414,
                    0.8680397320443024,
                    3.4375063423225396
                ],
                [
                    0.0,
                    0.0,
                    0.0,
                    1.0
                ]
            ]
        },
        {
            "file_path": "/home/initial/workspace/omniverse_ros2/src/xarm_control_isaac/xarm_control/data/image/0014.jpg",
            "sharpness": 300.0,
            "transform_matrix": [
                [
                    0.8782045242310084,
                    -0.40837402236462367,
                    0.2489728328109839,
                    0.7702763449755089
                ],
                [
                    0.4780579062968542,
                    0.7655297636400407,
                    -0.4306098224707507,
                    -1.9261825700024582
                ],
                [
                    -0.014746248582486963,
                    0.4971869254505402,
                    0.867518131979835,
                    3.4200138975433854
                ],
                [
                    0.0,
                    0.0,
                    0.0,
                    1.0
                ]
            ]
        },
        {
            "file_path": "/home/initial/workspace/omniverse_ros2/src/xarm_control_isaac/xarm_control/data/image/0015.jpg",
            "sharpness": 300.0,
            "transform_matrix": [
                [
                    0.8306295774620573,
                    -0.47692056199943167,
                    0.28740438860140993,
                    0.9359379694484888
                ],
                [
                    0.5566606279753762,
                    0.7237781102716847,
                    -0.407767326245751,
                    -1.8798070225665715
                ],
                [
                    -0.013544382867588233,
                    0.49869030934408104,
                    0.8666744054482288,
                    3.404459674493743
                ],
                [
                    0.0,
                    0.0,
                    0.0,
                    1.0
                ]
            ]
        },
        {
            "file_path": "/home/initial/workspace/omniverse_ros2/src/xarm_control_isaac/xarm_control/data/image/0016.jpg",
            "sharpness": 300.0,
            "transform_matrix": [
                [
                    0.7731555091448747,
                    -0.5447592622599167,
                    0.3247582252398863,
                    1.1077620676451296
                ],
                [
                    0.6341148279707968,
                    0.6731624792658453,
                    -0.380461116878226,
                    -1.812380944260348
                ],
                [
                    -0.0113553347152913,
                    0.5000896146599042,
                    0.8658992052674562,
                    3.389415659721976
                ],
                [
                    0.0,
                    0.0,
                    0.0,
                    1.0
                ]
            ]
        },
        {
            "file_path": "/home/initial/workspace/omniverse_ros2/src/xarm_control_isaac/xarm_control/data/image/0017.jpg",
            "sharpness": 300.0,
            "transform_matrix": [
                [
                    0.7035441282817114,
                    -0.6121154561691267,
                    0.36102676892328717,
                    1.284789756700286
                ],
                [
                    0.7106011623974687,
                    0.612001506355718,
                    -0.34713130688213434,
                    -1.721809198435797
                ],
                [
                    -0.008464488153046682,
                    0.5007682343531726,
                    0.8655400209713665,
                    3.374120383931181
                ],
                [
                    0.0,
                    0.0,
                    0.0,
                    1.0
                ]
            ]
        },
        {
            "file_path": "/home/initial/workspace/omniverse_ros2/src/xarm_control_isaac/xarm_control/data/image/0018.jpg",
            "sharpness": 300.0,
            "transform_matrix": [
                [
                    0.6305869607806274,
                    -0.6696209295240577,
                    0.3923874305285381,
                    1.4395079734933762
                ],
                [
                    0.7760965282489121,
                    0.5478565008979783,
                    -0.31229382520922355,
                    -1.6222333688142794
                ],
                [
                    -0.005853523164489556,
                    0.5014589366709503,
                    0.8651616444915958,
                    3.3609783830537308
                ],
                [
                    0.0,
                    0.0,
                    0.0,
                    1.0
                ]
            ]
        },
        {
            "file_path": "/home/initial/workspace/omniverse_ros2/src/xarm_control_isaac/xarm_control/data/image/0019.jpg",
            "sharpness": 300.0,
            "transform_matrix": [
                [
                    0.5531024342978879,
                    -0.7192261013747226,
                    0.42046582771382024,
                    1.5820539580257074
                ],
                [
                    0.8331036097723054,
                    0.47991607390554486,
                    -0.2749889768544229,
                    -1.5115141278347757
                ],
                [
                    -0.004009059503831365,
                    0.5023886713575506,
                    0.8646326100335854,
                    3.348496724688718
                ],
                [
                    0.0,
                    0.0,
                    0.0,
                    1.0
                ]
            ]
        },
        {
            "file_path": "/home/initial/workspace/omniverse_ros2/src/xarm_control_isaac/xarm_control/data/image/0020.jpg",
            "sharpness": 300.0,
            "transform_matrix": [
                [
                    0.47092155977268535,
                    -0.7619274574933129,
                    0.44463404509668025,
                    1.7133636507262893
                ],
                [
                    0.882171651889165,
                    0.40813614176539886,
                    -0.23494268745376173,
                    -1.387839393025561
                ],
                [
                    -0.002461939155010663,
                    0.502883126882012,
                    0.864350912276355,
                    3.337407200138504
                ],
                [
                    0.0,
                    0.0,
                    0.0,
                    1.0
                ]
            ]
        },
        {
            "file_path": "/home/initial/workspace/omniverse_ros2/src/xarm_control_isaac/xarm_control/data/image/0021.jpg",
            "sharpness": 300.0,
            "transform_matrix": [
                [
                    0.38894105690428826,
                    -0.7963136652072074,
                    0.46325953941439685,
                    1.8280354569828619
                ],
                [
                    0.9212625955651227,
                    0.33634820426162815,
                    -0.1953077456287681,
                    -1.2604642796721068
                ],
                [
                    -0.0002902874241000406,
                    0.5027468867076573,
                    0.864433620146145,
                    3.3270882416437555
                ],
                [
                    0.0,
                    0.0,
                    0.0,
                    1.0
                ]
            ]
        },
        {
            "file_path": "/home/initial/workspace/omniverse_ros2/src/xarm_control_isaac/xarm_control/data/image/0022.jpg",
            "sharpness": 300.0,
            "transform_matrix": [
                [
                    0.3035622252807204,
                    -0.8239342696692353,
                    0.47852094483652535,
                    1.931028208652471
                ],
                [
                    0.9528079340138927,
                    0.2611051945469476,
                    -0.1548583813062052,
                    -1.1250134024729068
                ],
                [
                    0.002648822907357952,
                    0.5029477076647477,
                    0.8643127831358163,
                    3.317450060158369
                ],
                [
                    0.0,
                    0.0,
                    0.0,
                    1.0
                ]
            ]
        },
        {
            "file_path": "/home/initial/workspace/omniverse_ros2/src/xarm_control_isaac/xarm_control/data/image/0023.jpg",
            "sharpness": 300.0,
            "transform_matrix": [
                [
                    0.2098614889932785,
                    -0.8456780772600708,
                    0.4907002599135584,
                    2.0278517673953855
                ],
                [
                    0.9777173764042988,
                    0.1788532458885692,
                    -0.10991018293232761,
                    -0.970651301491301
                ],
                [
                    0.0051852979296089655,
                    0.5028320853692938,
                    0.8643685594748042,
                    3.3084215663038856
                ],
                [
                    0.0,
                    0.0,
                    0.0,
                    1.0
                ]
            ]
        },
        {
            "file_path": "/home/initial/workspace/omniverse_ros2/src/xarm_control_isaac/xarm_control/data/image/0024.jpg",
            "sharpness": 300.0,
            "transform_matrix": [
                [
                    0.11238280287578406,
                    -0.8591604155770348,
                    0.4992128663438869,
                    2.10939055324153
                ],
                [
                    0.9936467561186648,
                    0.09412539625485696,
                    -0.06169711366604339,
                    -0.8048742173277382
                ],
                [
                    0.006019108957080076,
                    0.5029749398184397,
                    0.8642800357765991,
                    3.3019159571643333
                ],
                [
                    0.0,
                    0.0,
                    0.0,
                    1.0
                ]
            ]
        },
        {
            "file_path": "/home/initial/workspace/omniverse_ros2/src/xarm_control_isaac/xarm_control/data/image/0025.jpg",
            "sharpness": 300.0,
            "transform_matrix": [
                [
                    0.04401844096256946,
                    -0.5154164509610693,
                    0.8558085410498777,
                    3.4770550260457447
                ],
                [
                    0.9983191326417927,
                    -0.00963291107285879,
                    -0.05714994685562759,
                    -0.6292544861979528
                ],
                [
                    0.0376999503522677,
                    0.8568856919700304,
                    0.5141260785454075,
                    1.8746005274323856
                ],
                [
                    0.0,
                    0.0,
                    0.0,
                    1.0
                ]
            ]
        },
        {
            "file_path": "/home/initial/workspace/omniverse_ros2/src/xarm_control_isaac/xarm_control/data/image/0026.jpg",
            "sharpness": 300.0,
            "transform_matrix": [
                [
                    0.07793405384392538,
                    -0.4780178448191512,
                    0.8748858344297875,
                    3.5309509483114176
                ],
                [
                    0.9968272788049358,
                    0.023124062559761304,
                    -0.07616202440244736,
                    -0.7556753230823195
                ],
                [
                    0.016175891993917994,
                    0.8780456809102735,
                    0.47830337940789713,
                    1.7208544989926173
                ],
                [
                    0.0,
                    0.0,
                    0.0,
                    1.0
                ]
            ]
        },
        {
            "file_path": "/home/initial/workspace/omniverse_ros2/src/xarm_control_isaac/xarm_control/data/image/0027.jpg",
            "sharpness": 300.0,
            "transform_matrix": [
                [
                    0.16772082253787735,
                    -0.4717154443537053,
                    0.8656525083689206,
                    3.4555366529426705
                ],
                [
                    0.9857278285792003,
                    0.06732557304091237,
                    -0.1542981373161961,
                    -1.0501998488817292
                ],
                [
                    0.01450426322681779,
                    0.8791767778853687,
                    0.47627494115830615,
                    1.7194030119720511
                ],
                [
                    0.0,
                    0.0,
                    0.0,
                    1.0
                ]
            ]
        },
        {
            "file_path": "/home/initial/workspace/omniverse_ros2/src/xarm_control_isaac/xarm_control/data/image/0028.jpg",
            "sharpness": 300.0,
            "transform_matrix": [
                [
                    0.27377682180289964,
                    -0.4627725890832447,
                    0.8431416148172817,
                    3.325399475287283
                ],
                [
                    0.9617353508257801,
                    0.12210276095207354,
                    -0.24526726389776135,
                    -1.3783081361614216
                ],
                [
                    0.010553047688550489,
                    0.8780275887243353,
                    0.47849366414134675,
                    1.7441287256250022
                ],
                [
                    0.0,
                    0.0,
                    0.0,
                    1.0
                ]
            ]
        },
        {
            "file_path": "/home/initial/workspace/omniverse_ros2/src/xarm_control_isaac/xarm_control/data/image/0029.jpg",
            "sharpness": 300.0,
            "transform_matrix": [
                [
                    0.3712335854464134,
                    -0.44786070936037364,
                    0.8133919166354087,
                    3.1725718142467607
                ],
                [
                    0.9285074700162954,
                    0.17177293531818874,
                    -0.3291928565690811,
                    -1.6805098113131394
                ],
                [
                    0.007713829174844738,
                    0.8774479150943356,
                    0.47960989682873,
                    1.763710536773905
                ],
                [
                    0.0,
                    0.0,
                    0.0,
                    1.0
                ]
            ]
        },
        {
            "file_path": "/home/initial/workspace/omniverse_ros2/src/xarm_control_isaac/xarm_control/data/image/0030.jpg",
            "sharpness": 300.0,
            "transform_matrix": [
                [
                    0.45941069796309963,
                    -0.4286190333387984,
                    0.777963710501185,
                    3.001988542785452
                ],
                [
                    0.888207985681706,
                    0.21643443641618082,
                    -0.4052686872982619,
                    -1.954796273254816
                ],
                [
                    0.00532773575769998,
                    0.877178350732007,
                    0.48013514372390176,
                    1.7795607095724382
                ],
                [
                    0.0,
                    0.0,
                    0.0,
                    1.0
                ]
            ]
        },
        {
            "file_path": "/home/initial/workspace/omniverse_ros2/src/xarm_control_isaac/xarm_control/data/image/0031.jpg",
            "sharpness": 300.0,
            "transform_matrix": [
                [
                    0.5480020771133096,
                    -0.40411772380671424,
                    0.7323814503281597,
                    2.79404161183498
                ],
                [
                    0.8364717927221188,
                    0.2616675674853289,
                    -0.4815028806835486,
                    -2.22668566131874
                ],
                [
                    0.0029433755694647863,
                    0.8764810034630477,
                    0.4814274473985317,
                    1.7986668499230511
                ],
                [
                    0.0,
                    0.0,
                    0.0,
                    1.0
                ]
            ]
        },
        {
            "file_path": "/home/initial/workspace/omniverse_ros2/src/xarm_control_isaac/xarm_control/data/image/0032.jpg",
            "sharpness": 300.0,
            "transform_matrix": [
                [
                    0.6162881839380321,
                    -0.3793161273792387,
                    0.6901508167410798,
                    2.609419863252091
                ],
                [
                    0.7875193116886949,
                    0.295186398410698,
                    -0.5409975267140184,
                    -2.431936151906228
                ],
                [
                    0.0014859528009067396,
                    0.8769174794148751,
                    0.48063866494585683,
                    1.8101421298663172
                ],
                [
                    0.0,
                    0.0,
                    0.0,
                    1.0
                ]
            ]
        },
        {
            "file_path": "/home/initial/workspace/omniverse_ros2/src/xarm_control_isaac/xarm_control/data/image/0033.jpg",
            "sharpness": 300.0,
            "transform_matrix": [
                [
                    0.6885525450996555,
                    -0.34920960963216807,
                    0.6355690687701343,
                    2.376742638186719
                ],
                [
                    0.725186236670518,
                    0.33089059145572525,
                    -0.6038346947880124,
                    -2.6463453436585818
                ],
                [
                    0.0005610529729669704,
                    0.8766778570413588,
                    0.4810775615147026,
                    1.829740624766739
                ],
                [
                    0.0,
                    0.0,
                    0.0,
                    1.0
                ]
            ]
        },
        {
            "file_path": "/home/initial/workspace/omniverse_ros2/src/xarm_control_isaac/xarm_control/data/image/0034.jpg",
            "sharpness": 300.0,
            "transform_matrix": [
                [
                    0.7598658833988776,
                    -0.3142565098161763,
                    0.5690752896450513,
                    2.1020230604999983
                ],
                [
                    0.6500795148096312,
                    0.36824514166797134,
                    -0.6646744617200291,
                    -2.8502257790019248
                ],
                [
                    -0.0006809341510016852,
                    0.8750076352101684,
                    0.4841086393079458,
                    1.859492420484443
                ],
                [
                    0.0,
                    0.0,
                    0.0,
                    1.0
                ]
            ]
        },
        {
            "file_path": "/home/initial/workspace/omniverse_ros2/src/xarm_control_isaac/xarm_control/data/image/0035.jpg",
            "sharpness": 300.0,
            "transform_matrix": [
                [
                    0.8145636415692037,
                    -0.27861143555107926,
                    0.508784573089323,
                    1.8460213662345588
                ],
                [
                    0.5800685442424804,
                    0.39510572895020035,
                    -0.7123285386190421,
                    -3.014859617173492
                ],
                [
                    -0.0025608229004198887,
                    0.8753668550561514,
                    0.4834524912079522,
                    1.8715839826580056
                ],
                [
                    0.0,
                    0.0,
                    0.0,
                    1.0
                ]
            ]
        },
        {
            "file_path": "/home/initial/workspace/omniverse_ros2/src/xarm_control_isaac/xarm_control/data/image/0036.jpg",
            "sharpness": 300.0,
            "transform_matrix": [
                [
                    0.866566307958188,
                    -0.23860991681969052,
                    0.43832424243591106,
                    1.552768887704213
                ],
                [
                    0.49904340206614184,
                    0.42187755042705366,
                    -0.7569511313816236,
                    -3.158927105913477
                ],
                [
                    -0.004303111196116323,
                    0.8746911683794281,
                    0.4846615759404337,
                    1.9000232422007182
                ],
                [
                    0.0,
                    0.0,
                    0.0,
                    1.0
                ]
            ]
        },
        {
            "file_path": "/home/initial/workspace/omniverse_ros2/src/xarm_control_isaac/xarm_control/data/image/0037.jpg",
            "sharpness": 300.0,
            "transform_matrix": [
                [
                    0.9102612914688254,
                    -0.19756823728212472,
                    0.36385597819843535,
                    1.2515186320652638
                ],
                [
                    0.41400605601671114,
                    0.44458769986180735,
                    -0.7943177970517061,
                    -3.2769942730715065
                ],
                [
                    -0.004833925422884271,
                    0.8736753222729949,
                    0.4864854205587096,
                    1.9222407882078765
                ],
                [
                    0.0,
                    0.0,
                    0.0,
                    1.0
                ]
            ]
        },
        {
            "file_path": "/home/initial/workspace/omniverse_ros2/src/xarm_control_isaac/xarm_control/data/image/0038.jpg",
            "sharpness": 300.0,
            "transform_matrix": [
                [
                    0.9458592663936918,
                    -0.15439384751556642,
                    0.2855044448454825,
                    0.9401360620122482
                ],
                [
                    0.3245350955820467,
                    0.46400449204776917,
                    -0.8242431698807359,
                    -3.362374085801444
                ],
                [
                    -0.0052172706215950085,
                    0.8722742522904317,
                    0.4889891705124251,
                    1.9520718972504596
                ],
                [
                    0.0,
                    0.0,
                    0.0,
                    1.0
                ]
            ]
        },
        {
            "file_path": "/home/initial/workspace/omniverse_ros2/src/xarm_control_isaac/xarm_control/data/image/0039.jpg",
            "sharpness": 300.0,
            "transform_matrix": [
                [
                    0.9724023357314575,
                    -0.10856153776117358,
                    0.20651413991040665,
                    0.6195908411957417
                ],
                [
                    0.23321284741344514,
                    0.4778604543667103,
                    -0.8469127192065038,
                    -3.4209822808046693
                ],
                [
                    -0.006742793584182209,
                    0.8717016569167289,
                    0.4899905673207502,
                    1.978127251702185
                ],
                [
                    0.0,
                    0.0,
                    0.0,
                    1.0
                ]
            ]
        },
        {
            "file_path": "/home/initial/workspace/omniverse_ros2/src/xarm_control_isaac/xarm_control/data/image/0040.jpg",
            "sharpness": 300.0,
            "transform_matrix": [
                [
                    0.989968329222618,
                    -0.06333619656575089,
                    0.12629819215160115,
                    0.2988010560269017
                ],
                [
                    0.14111555626709424,
                    0.4875648172515955,
                    -0.8616071893605848,
                    -3.4463844898281395
                ],
                [
                    -0.007007632667796152,
                    0.8707864693384955,
                    0.49161145013251095,
                    2.008270867485072
                ],
                [
                    0.0,
                    0.0,
                    0.0,
                    1.0
                ]
            ]
        },
        {
            "file_path": "/home/initial/workspace/omniverse_ros2/src/xarm_control_isaac/xarm_control/data/image/0041.jpg",
            "sharpness": 300.0,
            "transform_matrix": [
                [
                    0.9990654247157833,
                    -0.015353552567706513,
                    0.040404771513055944,
                    -0.04318560081535177
                ],
                [
                    0.04271324510714737,
                    0.49391100843748237,
                    -0.8684627190827974,
                    -3.4356174958260888
                ],
                [
                    -0.006622373433168453,
