{
    "aabb_scale": 128,
    "camera_angle_x": 0.0,
    "camera_angle_y": 0.0,
    "cx": 320.0,
    "cy": 240.0,
    "fl_x": 607.7645263671875,
    "fl_y": 607.7645263671875,
    "frames": [
        {
            "file_path": "/home/initial/workspace/omniverse_ros2/src/xarm_control_isaac/xarm_control/data/image/0000.jpg",
            "sharpness": 300.0,
            "transform_matrix": [
                [
                    0.6796006250422179,
                    0.6617120673370042,
                    -0.3166703812844119,
                    -1.330917505887564
                ],
                [
                    -0.7326643412210131,
                    0.5906633549302689,
                    -0.33811205871086286,
                    -0.8280377644638759
                ],
                [
                    -0.03668723954463744,
                    0.4617942627221641,
                    0.886228021093605,
                    3.680083158454941
                ],
                [
                    0.0,
                    0.0,
                    0.0,
                    1.0
                ]
            ]
        },
        {
            "file_path": "/home/initial/workspace/omniverse_ros2/src/xarm_control_isaac/xarm_control/data/image/0001.jpg",
            "sharpness": 300.0,
            "transform_matrix": [
                [
                    0.7369123083427953,
                    0.5939671244264539,
                    -0.3227434041362619,
                    -1.3341466938326383
                ],
                [
                    -0.6758453531481712,
                    0.6375420483448715,
                    -0.36982860249073407,
                    -0.9870870955739885
                ],
                [
                    -0.013903540589246368,
                    0.49065587909735175,
                    0.8712425034778138,
                    3.639465848869412
                ],
                [
                    0.0,
                    0.0,
                    0.0,
                    1.0
                ]
            ]
        },
        {
            "file_path": "/home/initial/workspace/omniverse_ros2/src/xarm_control_isaac/xarm_control/data/image/0002.jpg",
            "sharpness": 300.0,
            "transform_matrix": [
                [
                    0.8015026530224877,
                    0.525734962339272,
                    -0.28494955092443636,
                    -1.2176481625145226
                ],
                [
                    -0.5978299905325318,
                    0.693401300401574,
                    -0.4022361731884381,
                    -1.166208937051411
                ],
                [
                    -0.013885230202867667,
                    0.49274474728355094,
                    0.8700631094390127,
                    3.6272978465334806
                ],
                [
                    0.0,
                    0.0,
                    0.0,
                    1.0
                ]
            ]
        },
        {
            "file_path": "/home/initial/workspace/omniverse_ros2/src/xarm_control_isaac/xarm_control/data/image/0003.jpg",
            "sharpness": 300.0,
            "transform_matrix": [
                [
                    0.8549110076681605,
                    0.45770415388061547,
                    -0.24420089370893053,
                    -1.096241063318142
                ],
                [
                    -0.5185476898449453,
                    0.7400166762866647,
                    -0.4283498712199038,
                    -1.320030426867188
                ],
                [
                    -0.015344781662860808,
                    0.49283082932997174,
                    0.8699898340427038,
                    3.613277626095169
                ],
                [
                    0.0,
                    0.0,
                    0.0,
                    1.0
                ]
            ]
        },
        {
            "file_path": "/home/initial/workspace/omniverse_ros2/src/xarm_control_isaac/xarm_control/data/image/0004.jpg",
            "sharpness": 300.0,
            "transform_matrix": [
                [
                    0.8979441088341599,
                    0.39025551665396774,
                    -0.20346254970183386,
                    -0.9711245824449832
                ],
                [
                    -0.4397766941103957,
                    0.777650902049124,
                    -0.44928335586744667,
                    -1.4529943746833442
                ],
                [
                    -0.017112472859232966,
                    0.4929094300815597,
                    0.8699123271970078,
                    3.5980167304377026
                ],
                [
                    0.0,
                    0.0,
                    0.0,
                    1.0
                ]
            ]
        },
        {
            "file_path": "/home/initial/workspace/omniverse_ros2/src/xarm_control_isaac/xarm_control/data/image/0005.jpg",
            "sharpness": 300.0,
            "transform_matrix": [
                [
                    0.9381550735935581,
                    0.3087627735817678,
                    -0.15662250011016787,
                    -0.8119481892853492
                ],
                [
                    -0.3457947077603608,
                    0.8133588308482941,
                    -0.46783910948746343,
                    -1.5887018165865983
                ],
                [
                    -0.01706100746123062,
                    0.49306486584544856,
                    0.8698252468704376,
                    3.580051211350291
                ],
                [
                    0.0,
                    0.0,
                    0.0,
                    1.0
                ]
            ]
        },
        {
            "file_path": "/home/initial/workspace/omniverse_ros2/src/xarm_control_isaac/xarm_control/data/image/0006.jpg",
            "sharpness": 300.0,
            "transform_matrix": [
                [
                    0.9652412977459095,
                    0.23546718448702697,
                    -0.11342152421628354,
                    -0.6660531191681925
                ],
                [
                    -0.26073718131100704,
                    0.8375905546564405,
                    -0.4800606055825735,
                    -1.6911160170811053
                ],
                [
                    -0.018037721801369918,
                    0.4929475304533623,
                    0.869872043930685,
                    3.5632148208069157
                ],
                [
                    0.0,
                    0.0,
                    0.0,
                    1.0
                ]
            ]
        },
        {
            "file_path": "/home/initial/workspace/omniverse_ros2/src/xarm_control_isaac/xarm_control/data/image/0007.jpg",
            "sharpness": 300.0,
            "transform_matrix": [
                [
                    0.9872423970488936,
                    0.1459388251791373,
                    -0.06367345423713011,
                    -0.4805341582457172
                ],
                [
                    -0.15833384145257848,
                    0.8575662856844465,
                    -0.4893980591586487,
                    -1.7926356077355279
                ],
                [
                    -0.016817970151728905,
                    0.49323617564278033,
                    0.8697328503151184,
                    3.5433803776390924
                ],
                [
                    0.0,
                    0.0,
                    0.0,
                    1.0
                ]
            ]
        },
        {
            "file_path": "/home/initial/workspace/omniverse_ros2/src/xarm_control_isaac/xarm_control/data/image/0008.jpg",
            "sharpness": 300.0,
            "transform_matrix": [
                [
                    0.9973628278770504,
                    0.07012646311566331,
                    -0.018699431541645127,
                    -0.31937894047181226
                ],
                [
                    -0.07021174254405482,
                    0.867048811495292,
                    -0.4932511223439121,
                    -1.8621352913183236
                ],
                [
                    -0.018376636743988907,
                    0.4932632539075753,
                    0.8696859557141822,
                    3.525684224261998
                ],
                [
                    0.0,
                    0.0,
                    0.0,
                    1.0
                ]
            ]
        },
        {
            "file_path": "/home/initial/workspace/omniverse_ros2/src/xarm_control_isaac/xarm_control/data/image/0009.jpg",
            "sharpness": 300.0,
            "transform_matrix": [
                [
                    0.999491091042107,
                    -0.012992718414624956,
                    0.029133283296889897,
                    -0.13807615737319032
                ],
                [
                    0.02568890427486483,
                    0.8692848233173113,
                    -0.49364357197004805,
                    -1.9168563514741603
                ],
                [
                    -0.01891134909559362,
                    0.49414075446009254,
                    0.8691762051833881,
                    3.5080759259996395
                ],
                [
                    0.0,
                    0.0,
                    0.0,
                    1.0
                ]
            ]
        },
        {
            "file_path": "/home/initial/workspace/omniverse_ros2/src/xarm_control_isaac/xarm_control/data/image/0010.jpg",
            "sharpness": 300.0,
            "transform_matrix": [
                [
                    0.9924508137931168,
                    -0.09627158734759743,
                    0.07598133764914908,
                    0.04604456732258279
                ],
                [
                    0.12122854792597393,
                    0.863889598154498,
                    -0.4888746274539311,
                    -1.9539163321067787
                ],
                [
                    -0.01857475085000934,
                    0.49439512909214023,
                    0.869038799456518,
                    3.4899986912528305
                ],
                [
                    0.0,
                    0.0,
                    0.0,
                    1.0
                ]
            ]
        },
        {
            "file_path": "/home/initial/workspace/omniverse_ros2/src/xarm_control_isaac/xarm_control/data/image/0011.jpg",
            "sharpness": 300.0,
            "transform_matrix": [
                [
                    0.9763456063900273,
                    -0.17849949724103487,
                    0.12201305818471928,
                    0.23247233635071354
                ],
                [
                    0.21544968625215719,
                    0.8506394016609099,
                    -0.4795769396414052,
                    -1.9737302037545146
                ],
                [
                    -0.01818487219468245,
                    0.4945205130494253,
                    0.8689757031106201,
                    3.4713607844214067
                ],
                [
                    0.0,
                    0.0,
                    0.0,
                    1.0
                ]
            ]
        },
        {
            "file_path": "/home/initial/workspace/omniverse_ros2/src/xarm_control_isaac/xarm_control/data/image/0012.jpg",
            "sharpness": 300.0,
            "transform_matrix": [
                [
                    0.9510933744024365,
                    -0.25958968779548847,
                    0.16743532231290878,
                    0.4196493975837011
                ],
                [
                    0.30840275279396084,
                    0.8288150581502828,
                    -0.46685473270863465,
                    -1.9743629188544434
                ],
                [
                    -0.017582242089504103,
                    0.495659957403848,
                    0.8683386847247575,
                    3.4533730536622014
                ],
                [
                    0.0,
                    0.0,
                    0.0,
                    1.0
                ]
            ]
        },
        {
            "file_path": "/home/initial/workspace/omniverse_ros2/src/xarm_control_isaac/xarm_control/data/image/0013.jpg",
            "sharpness": 300.0,
            "transform_matrix": [
                [
                    0.9191867511121851,
                    -0.3342169744487045,
                    0.20831401913980707,
                    0.5922634273229138
                ],
                [
                    0.39349564985630786,
                    0.8009489580186251,
                    -0.4512670386733785,
                    -1.9592534439235794
                ],
                [
                    -0.016027792236857324,
                    0.4967693434977972,
                    0.867734596081532,
                    3.436648072632592
                ],
                [
                    0.0,
                    0.0,
                    0.0,
                    1.0
                ]
            ]
        },
        {
            "file_path": "/home/initial/workspace/omniverse_ros2/src/xarm_control_isaac/xarm_control/data/image/0014.jpg",
            "sharpness": 300.0,
            "transform_matrix": [
                [
                    0.8777388260244817,
                    -0.4091291745921376,
                    0.24937496222901143,
                    0.7710742214348031
                ],
                [
                    0.4789256560781408,
                    0.7646962469728842,
                    -0.4311262759513829,
                    -1.9255508345687307
                ],
                [
                    -0.014309760280558333,
                    0.4978483387168645,
                    0.8671460444455542,
                    3.4201898380836084
                ],
                [
                    0.0,
                    0.0,
                    0.0,
                    1.0
                ]
            ]
        },
        {
            "file_path": "/home/initial/workspace/omniverse_ros2/src/xarm_control_isaac/xarm_control/data/image/0015.jpg",
            "sharpness": 300.0,
            "transform_matrix": [
                [
                    0.827592287803925,
                    -0.4809441528221397,
                    0.28945418814323565,
                    0.9484654294204651
                ],
                [
                    0.5611740161674551,
                    0.7210228513310406,
                    -0.4064600490047514,
                    -1.8724696323580763
                ],
                [
                    -0.013218500140111684,
                    0.49881737111356744,
                    0.8666063128834197,
                    3.405036094535719
                ],
                [
                    0.0,
                    0.0,
                    0.0,
                    1.0
                ]
            ]
        },
        {
            "file_path": "/home/initial/workspace/omniverse_ros2/src/xarm_control_isaac/xarm_control/data/image/0016.jpg",
            "sharpness": 300.0,
            "transform_matrix": [
                [
                    0.7655117144877774,
                    -0.553271660538874,
                    0.3284543874368865,
                    1.1304665108901508
                ],
                [
                    0.6433366143580224,
                    0.6664821289782443,
                    -0.3767221421405763,
                    -1.7983749119416192
                ],
                [
                    -0.010479294267302774,
                    0.4996919465002254,
                    0.8661397941409202,
                    3.3893794629481695
                ],
                [
                    0.0,
                    0.0,
                    0.0,
                    1.0
                ]
            ]
        },
        {
            "file_path": "/home/initial/workspace/omniverse_ros2/src/xarm_control_isaac/xarm_control/data/image/0017.jpg",
            "sharpness": 300.0,
            "transform_matrix": [
                [
                    0.6992138101723298,
                    -0.6157452293486254,
                    0.36326004486965247,
                    1.2933972134511516
                ],
                [
                    0.7148649315226735,
                    0.6080524411799786,
                    -0.34531197264814273,
                    -1.7141826559431854
                ],
                [
                    -0.008256957271083859,
                    0.5011287671940985,
                    0.8653333353957574,
                    3.374715020605498
                ],
                [
                    0.0,
                    0.0,
                    0.0,
                    1.0
                ]
            ]
        },
        {
            "file_path": "/home/initial/workspace/omniverse_ros2/src/xarm_control_isaac/xarm_control/data/image/0018.jpg",
            "sharpness": 300.0,
            "transform_matrix": [
                [
                    0.6256607826040415,
                    -0.6730896020612267,
                    0.39433358049798123,
                    1.4482659761717986
                ],
                [
                    0.7800731885352193,
                    0.5436245252753613,
                    -0.3097711995128562,
                    -1.6150269148823075
                ],
                [
                    -0.005865632088211283,
                    0.5014207446009761,
                    0.8651836979763364,
                    3.360686496308289
                ],
                [
                    0.0,
                    0.0,
                    0.0,
                    1.0
                ]
            ]
        },
        {
            "file_path": "/home/initial/workspace/omniverse_ros2/src/xarm_control_isaac/xarm_control/data/image/0019.jpg",
            "sharpness": 300.0,
            "transform_matrix": [
                [
                    0.5478328083373658,
                    -0.7225560694306331,
                    0.4216538161076562,
                    1.590918314792808
                ],
                [
                    0.8365766441329207,
                    0.475761235638317,
                    -0.2716445566456334,
                    -1.5029956169644267
                ],
                [
                    -0.004328117430894269,
                    0.5015615348019187,
                    0.8651111455799471,
                    3.3481312834240136
                ],
                [
                    0.0,
                    0.0,
                    0.0,
                    1.0
                ]
            ]
        },
        {
            "file_path": "/home/initial/workspace/omniverse_ros2/src/xarm_control_isaac/xarm_control/data/image/0020.jpg",
            "sharpness": 300.0,
            "transform_matrix": [
                [
                    0.47716950633240285,
                    -0.7588455504993062,
                    0.44324112254380865,
                    1.7039621897233321
                ],
                [
                    0.8788058164793627,
                    0.4138071076064778,
                    -0.23762157860009597,
                    -1.3986719858537726
                ],
                [
                    -0.003098249268797802,
                    0.502908647948875,
                    0.8643340168416972,
                    3.337698238604133
                ],
                [
                    0.0,
                    0.0,
                    0.0,
                    1.0
                ]
            ]
        },
        {
            "file_path": "/home/initial/workspace/omniverse_ros2/src/xarm_control_isaac/xarm_control/data/image/0021.jpg",
            "sharpness": 300.0,
            "transform_matrix": [
                [
                    0.3890105450996221,
                    -0.7955585285854664,
                    0.46449695735948865,
                    1.8263876392518035
                ],
                [
                    0.9212332973597519,
                    0.335989502277646,
                    -0.19606189378586183,
                    -1.2624215064515678
                ],
                [
                    -8.738978073532501e-05,
                    0.5041802078167561,
                    0.8635984659602395,
                    3.3272511373860523
                ],
                [
                    0.0,
                    0.0,
                    0.0,
                    1.0
                ]
            ]
        },
        {
            "file_path": "/home/initial/workspace/omniverse_ros2/src/xarm_control_isaac/xarm_control/data/image/0022.jpg",
            "sharpness": 300.0,
            "transform_matrix": [
                [
                    0.2972602471992969,
                    -0.8251435345793029,
                    0.4803899382553591,
                    1.936262578804508
                ],
                [
                    0.9547940140403548,
                    0.25574745736911053,
                    -0.15153094998033165,
                    -1.115981446124157
                ],
                [
                    0.002176278410418356,
                    0.5037175651009301,
                    0.8638656599385525,
                    3.3174497189600256
                ],
                [
                    0.0,
                    0.0,
                    0.0,
                    1.0
                ]
            ]
        },
        {
            "file_path": "/home/initial/workspace/omniverse_ros2/src/xarm_control_isaac/xarm_control/data/image/0023.jpg",
            "sharpness": 300.0,
            "transform_matrix": [
                [
                    0.20279834437987143,
                    -0.8468072753262791,
                    0.491721740389081,
                    2.032273218094152
                ],
                [
                    0.9792136613448551,
                    0.17349430457852355,
                    -0.1050729827996619,
                    -0.9591146332232036
                ],
                [
                    0.0036656448800417977,
                    0.5028092727200825,
                    0.8643896102535683,
                    3.3090730858284707
                ],
                [
                    0.0,
                    0.0,
                    0.0,
                    1.0
                ]
            ]
        },
        {
            "file_path": "/home/initial/workspace/omniverse_ros2/src/xarm_control_isaac/xarm_control/data/image/0024.jpg",
            "sharpness": 300.0,
            "transform_matrix": [
                [
                    0.11355213206410764,
                    -0.859209734931447,
                    0.49886325250786767,
                    2.1079173128984117
                ],
                [
                    0.9935192879728181,
                    0.09565508309123129,
                    -0.06139649423863386,
                    -0.8085751823679727
                ],
                [
                    0.005033659670694841,
                    0.5026019662494793,
                    0.8645032826961837,
                    3.3019525702895463
                ],
                [
                    0.0,
                    0.0,
                    0.0,
                    1.0
                ]
            ]
        },
        {
            "file_path": "/home/initial/workspace/omniverse_ros2/src/xarm_control_isaac/xarm_control/data/image/0025.jpg",
            "sharpness": 300.0,
            "transform_matrix": [
                [
                    0.04370585696562945,
                    -0.5109561164321613,
                    0.8584949884230328,
                    3.484854986824203
                ],
                [
                    0.9983693865246858,
                    -0.00924632809358427,
                    -0.05633004053884677,
                    -0.6308163432953543
                ],
                [
                    0.036720105081852326,
                    0.8595570676210795,
                    0.5097188258102973,
                    1.8595312478788737
                ],
                [
                    0.0,
                    0.0,
                    0.0,
                    1.0
                ]
            ]
        },
        {
            "file_path": "/home/initial/workspace/omniverse_ros2/src/xarm_control_isaac/xarm_control/data/image/0026.jpg",
            "sharpness": 300.0,
            "transform_matrix": [
                [
                    0.08384853257571623,
                    -0.47810628544921224,
                    0.8742904571129984,
                    3.5245228875380854
                ],
                [
                    0.9963449665644473,
                    0.02586104203098084,
                    -0.08141200222794212,
                    -0.7730999239670752
                ],
                [
                    0.016313527717499818,
                    0.8779211731807294,
                    0.47852720141532423,
                    1.726283558046679
                ],
                [
                    0.0,
                    0.0,
                    0.0,
                    1.0
                ]
            ]
        },
        {
            "file_path": "/home/initial/workspace/omniverse_ros2/src/xarm_control_isaac/xarm_control/data/image/0027.jpg",
            "sharpness": 300.0,
            "transform_matrix": [
                [
                    0.1787548650866374,
                    -0.4722256542424347,
                    0.8631625743063486,
                    3.4388862352491034
                ],
                [
                    0.983805762405635,
                    0.07406164089450097,
                    -0.16322100111652801,
                    -1.079168798460967
                ],
                [
                    0.013149907426507719,
                    0.8783608625293586,
                    0.4778171984256697,
                    1.734778419695888
                ],
                [
                    0.0,
                    0.0,
                    0.0,
                    1.0
                ]
            ]
        },
        {
            "file_path": "/home/initial/workspace/omniverse_ros2/src/xarm_control_isaac/xarm_control/data/image/0028.jpg",
            "sharpness": 300.0,
            "transform_matrix": [
                [
                    0.27273995680951424,
                    -0.4618703866691428,
                    0.8439719556227213,
                    3.325554711121027
                ],
                [
                    0.9620279837443266,
                    0.12114527894813334,
                    -0.24459349926235685,
                    -1.378529891948819
                ],
                [
                    0.01072727609274709,
                    0.8786350592291859,
                    0.47737339498651854,
                    1.7436574205801785
                ],
                [
                    0.0,
                    0.0,
                    0.0,
                    1.0
                ]
            ]
        },
        {
            "file_path": "/home/initial/workspace/omniverse_ros2/src/xarm_control_isaac/xarm_control/data/image/0029.jpg",
            "sharpness": 300.0,
            "transform_matrix": [
                [
                    0.3652572362922065,
                    -0.44782917289105373,
                    0.8161103989313541,
                    3.183835494811387
                ],
                [
                    0.9308644446080857,
                    0.16735960276617215,
                    -0.3247801550686695,
                    -1.6670727200517634
                ],
                [
                    0.008862116037336606,
                    0.8783164550830546,
                    0.4779975602758627,
                    1.7561492214610774
                ],
                [
                    0.0,
                    0.0,
                    0.0,
                    1.0
                ]
            ]
        },
        {
            "file_path": "/home/initial/workspace/omniverse_ros2/src/xarm_control_isaac/xarm_control/data/image/0030.jpg",
            "sharpness": 300.0,
            "transform_matrix": [
                [
                    0.4531370547892499,
                    -0.4296663229142298,
                    0.7810593194695836,
                    3.0171349260112805
                ],
                [
                    0.8914160451092386,
                    0.21186410151490281,
                    -0.40061332605279976,
                    -1.9372034214519076
                ],
                [
                    0.006651623766281178,
                    0.8777815522341806,
                    0.47901492926486544,
                    1.7731722257462559
                ],
                [
                    0.0,
                    0.0,
                    0.0,
                    1.0
                ]
            ]
        },
        {
            "file_path": "/home/initial/workspace/omniverse_ros2/src/xarm_control_isaac/xarm_control/data/image/0031.jpg",
            "sharpness": 300.0,
            "transform_matrix": [
                [
                    0.5425591044837628,
                    -0.4058851174878451,
                    0.7354501271627163,
                    2.8103944174500994
                ],
                [
                    0.8400079911888818,
                    0.2579600902446238,
                    -0.4773292014739985,
                    -2.2070436940520737
                ],
                [
                    0.00402403784733887,
                    0.8767632880332432,
                    0.4809053377501019,
                    1.7973984953009987
                ],
                [
                    0.0,
                    0.0,
                    0.0,
                    1.0
                ]
            ]
        },
        {
            "file_path": "/home/initial/workspace/omniverse_ros2/src/xarm_control_isaac/xarm_control/data/image/0032.jpg",
            "sharpness": 300.0,
            "transform_matrix": [
                [
                    0.6152147554541669,
                    -0.38038547869393313,
                    0.6905198710176681,
                    2.6127910159571957
                ],
                [
                    0.7883557411734083,
                    0.29411296172122264,
                    -0.5403635730751072,
                    -2.429216069057908
                ],
                [
                    0.002455612020575743,
                    0.8768149481768418,
                    0.48082170980857997,
                    1.8089312858050217
                ],
                [
                    0.0,
                    0.0,
                    0.0,
                    1.0
                ]
            ]
        },
        {
            "file_path": "/home/initial/workspace/omniverse_ros2/src/xarm_control_isaac/xarm_control/data/image/0033.jpg",
            "sharpness": 300.0,
            "transform_matrix": [
                [
                    0.6890054774460387,
                    -0.3492743224439853,
                    0.635042439314611,
                    2.3739431735516763
                ],
                [
                    0.7247560647869735,
                    0.33166570829429537,
                    -0.6039259097738265,
                    -2.6491808919249267
                ],
                [
                    0.0003140125104032863,
                    0.8763591190961264,
                    0.4816581731614288,
                    1.8292715519045408
                ],
                [
                    0.0,
                    0.0,
                    0.0,
                    1.0
                ]
            ]
        },
        {
            "file_path": "/home/initial/workspace/omniverse_ros2/src/xarm_control_isaac/xarm_control/data/image/0034.jpg",
            "sharpness": 300.0,
            "transform_matrix": [
                [
                    0.7554655247088347,
                    -0.3153403868879805,
                    0.5743102657742974,
                    2.116116199670792
                ],
                [
                    0.6551856904336975,
                    0.3661234495070465,
                    -0.660821708762644,
                    -2.843597440380234
                ],
                [
                    -0.0018846822874057651,
                    0.8755078869538526,
                    0.48320015299488006,
                    1.8536466293643532
                ],
                [
                    0.0,
                    0.0,
                    0.0,
                    1.0
                ]
            ]
        },
        {
            "file_path": "/home/initial/workspace/omniverse_ros2/src/xarm_control_isaac/xarm_control/data/image/0035.jpg",
            "sharpness": 300.0,
            "transform_matrix": [
                [
                    0.8146511172592406,
                    -0.2786907887634952,
                    0.5086010237963074,
                    1.8450502034978653
                ],
                [
                    0.5799453713308875,
                    0.3954486052026315,
                    -0.7122385603961446,
                    -3.013105937634599
                ],
                [
                    -0.002631239280302281,
                    0.8751867485866511,
                    0.483778081022875,
                    1.875361926446096
                ],
                [
                    0.0,
                    0.0,
                    0.0,
                    1.0
                ]
            ]
        },
        {
            "file_path": "/home/initial/workspace/omniverse_ros2/src/xarm_control_isaac/xarm_control/data/image/0036.jpg",
            "sharpness": 300.0,
            "transform_matrix": [
                [
                    0.8666247945680303,
                    -0.23920276409513305,
                    0.4378852624708524,
                    1.554311719503791
                ],
                [
                    0.49894873619525015,
                    0.4214488703104836,
                    -0.7572522752446376,
                    -3.159283113320187
                ],
                [
                    -0.003409411838104624,
                    0.8747358957784146,
                    0.48458795749342853,
                    1.8981689304440414
                ],
                [
                    0.0,
                    0.0,
                    0.0,
                    1.0
                ]
            ]
        },
        {
            "file_path": "/home/initial/workspace/omniverse_ros2/src/xarm_control_isaac/xarm_control/data/image/0037.jpg",
            "sharpness": 300.0,
            "transform_matrix": [
                [
                    0.9123145728300799,
                    -0.19566431829987158,
                    0.3597187717455338,
                    1.2386214980393617
                ],
                [
                    0.4094603766631142,
                    0.4464738425889744,
                    -0.7956150500252849,
                    -3.276733603398249
                ],
                [
                    -0.004931545880299063,
                    0.8731417882727194,
                    0.48744137845196145,
                    1.9310188183845995
                ],
                [
                    0.0,
                    0.0,
                    0.0,
                    1.0
                ]
            ]
        },
        {
            "file_path": "/home/initial/workspace/omniverse_ros2/src/xarm_control_isaac/xarm_control/data/image/0038.jpg",
            "sharpness": 300.0,
            "transform_matrix": [
                [
                    0.9459549679835544,
                    -0.15328928977545522,
                    0.28578242106079416,
                    0.9387389092444419
                ],
                [
                    0.3242390914137677,
                    0.46385024924197793,
                    -0.8244464554337834,
                    -3.3645875118503668
                ],
                [
                    -0.0061814356266891215,
                    0.8725510529007982,
                    0.4884838277111142,
                    1.9489279451460273
                ],
                [
                    0.0,
                    0.0,
                    0.0,
                    1.0
                ]
            ]
        },
        {
            "file_path": "/home/initial/workspace/omniverse_ros2/src/xarm_control_isaac/xarm_control/data/image/0039.jpg",
            "sharpness": 300.0,
            "transform_matrix": [
                [
                    0.9722841723685985,
                    -0.10863721119235915,
                    0.207030057010706,
                    0.6204602613472397
                ],
                [
                    0.23370003404153888,
                    0.47775848527366505,
                    -0.8468359485980722,
                    -3.4225327562265666
                ],
                [
                    -0.006912470650424844,
                    0.8717481207856774,
                    0.4899055334002128,
                    1.9751705234346466
                ],
                [
                    0.0,
                    0.0,
                    0.0,
                    1.0
                ]
            ]
        },
        {
            "file_path": "/home/initial/workspace/omniverse_ros2/src/xarm_control_isaac/xarm_control/data/image/0040.jpg",
            "sharpness": 300.0,
            "transform_matrix": [
                [
                    0.9911839199689222,
                    -0.06007598846637617,
                    0.11809027227011162,
                    0.26735556819528034
                ],
                [
                    0.13235718215325057,
                    0.4893383078577135,
                    -0.8619916454324839,
                    -3.441924949131405
                ],
                [
                    -0.006001093857998554,
                    0.8700223537776127,
                    0.4929757507218483,
                    2.0203152339923975
                ],
                [
                    0.0,
                    0.0,
                    0.0,
                    1.0
                ]
            ]
        },
        {
            "file_path": "/home/initial/workspace/omniverse_ros2/src/xarm_control_isaac/xarm_control/data/image/0041.jpg",
            "sharpness": 300.0,
            "transform_matrix": [
                [
                    0.9989725256749855,
                    -0.017299958167244323,
                    0.041887998208938675,
                    -0.0354228496108618
                ],
                [
                    0.04496403248073366,
                    0.49394349758645195,
                    -0.8683306150166158,
                    -3.436030908408738
                ],
                [
                    -0.005668221027093207,
