{
  "camera_angle_x": 0.9731187286824821,
  "camera_angle_y": 0.7557312328626267,
  "fl_x": 604.9415575277071,
  "fl_y": 604.6254712436016,
  "k1": -0.006369131338025628,
  "k2": -0.006942086516361949,
  "k3": 0,
  "k4": 0,
  "p1": 0.0008969682367614898,
  "p2": 0.0002313873388526494,
  "is_fisheye": false,
  "cx": 318.48893867278605,
  "cy": 240.88430586157773,
  "w": 640.0,
  "h": 480.0,
  "aabb_scale": 128,
  "frames": [
    {
      "file_path": "./../image/0063.jpg",
      "sharpness": 306.23458073726226,
      "transform_matrix": [
        [
          -0.8666967878942761,
          0.49646821237235866,
          -0.04853856234714397,
          0.20479124959528971
        ],
        [
          -0.4185709497585317,
          -0.6708596707877703,
          0.6121647344750708,
          2.807229184542602
        ],
        [
          0.2713577674455215,
          0.5508780411732542,
          0.7892390929771911,
          2.9517968044905416
        ],
        [
          0.0,
          0.0,
          0.0,
          1.0
        ]
      ]
    },
    {
      "file_path": "./../image/0065.jpg",
      "sharpness": 292.3903594575564,
      "transform_matrix": [
        [
          -0.9383268715715459,
          0.34404686379900223,
          0.0342700696529087,
          0.5730374121725573
        ],
        [
          -0.243065388259152,
          -0.7268958747909748,
          0.6422940169801213,
          2.816825568890576
        ],
        [
          0.24589001443837238,
          0.5943518677962263,
          0.7656918166795253,
          2.8865887439522555
        ],
        [
          0.0,
          0.0,
          0.0,
          1.0
        ]
      ]
    },
    {
      "file_path": "./../image/0094.jpg",
      "sharpness": 271.58073690532046,
      "transform_matrix": [
        [
          -0.409596578393164,
          0.6080411973810181,
          -0.6800856896989221,
          -2.6601130491441523
        ],
        [
          -0.8740843822517902,
          -0.04815679144541326,
          0.48338123272150085,
          2.740977535378247
        ],
        [
          0.26116495881165286,
          0.7924435789409621,
          0.5512041713988608,
          2.0585512117055034
        ],
        [
          0.0,
          0.0,
          0.0,
          1.0
        ]
      ]
    },
    {
      "file_path": "./../image/0057.jpg",
      "sharpness": 293.1026691907141,
      "transform_matrix": [
        [
          -0.4773277071561061,
          0.843876538414451,
          -0.24501152620219108,
          -0.785564094048941
        ],
        [
          -0.8329334118549139,
          -0.34567489682973507,
          0.432123590103171,
          2.3579057242717663
        ],
        [
          0.27996462534145083,
          0.4103428489353821,
          0.8678931702510243,
          3.2296702165914635
        ],
        [
          0.0,
          0.0,
          0.0,
          1.0
        ]
      ]
    },
    {
      "file_path": "./../image/0096.jpg",
      "sharpness": 271.10117280031847,
      "transform_matrix": [
        [
          -0.25098266461272356,
          0.6360647697651772,
          -0.7296775389202125,
          -2.945417472893325
        ],
        [
          -0.9378689293013899,
          0.02679843557279122,
          0.3459533426751135,
          2.2092178444206416
        ],
        [
          0.23960294977380564,
          0.7711701839386518,
          0.5898194418184902,
          2.2334670593336865
        ],
        [
          0.0,
          0.0,
          0.0,
          1.0
        ]
      ]
    },
    {
      "file_path": "./../image/0085.jpg",
      "sharpness": 251.21712076212572,
      "transform_matrix": [
        [
          -0.9479704663664196,
          0.29060108929720463,
          -0.130011545154652,
          -0.048984111131382395
        ],
        [
          -0.21793424167920908,
          -0.294665819430983,
          0.9304174983140336,
          4.013886888711767
        ],
        [
          0.2320703800227543,
          0.910342277295053,
          0.34266642229537053,
          1.169859407809912
        ],
        [
          0.0,
          0.0,
          0.0,
          1.0
        ]
      ]
    },
    {
      "file_path": "./../image/0053.jpg",
      "sharpness": 353.59957842610686,
      "transform_matrix": [
        [
          -0.12111805908115433,
          0.943003026331118,
          -0.3099608171559036,
          -1.2273939510969405
        ],
        [
          -0.9648387357759886,
          -0.038457200537156205,
          0.2600139567008005,
          1.7809832887634474
        ],
        [
          0.23327372275315772,
          0.330554588734407,
          0.9145037092450023,
          3.442126316553047
        ],
        [
          0.0,
          0.0,
          0.0,
          1.0
        ]
      ]
    },
    {
      "file_path": "./../image/0090.jpg",
      "sharpness": 251.8132795655887,
      "transform_matrix": [
        [
          -0.7282648188040072,
          0.49245083404129253,
          -0.4765737401720647,
          -1.6064585786187213
        ],
        [
          -0.6274215489642646,
          -0.19942599244888992,
          0.7527094216477083,
          3.6180413576485018
        ],
        [
          0.27563119137225917,
          0.8471844248227872,
          0.45420919933853166,
          1.619230332647888
        ],
        [
          0.0,
          0.0,
          0.0,
          1.0
        ]
      ]
    },
    {
      "file_path": "./../image/0056.jpg",
      "sharpness": 310.35104045609364,
      "transform_matrix": [
        [
          -0.39282258246940127,
          0.879626095851951,
          -0.2682318964543796,
          -0.922258092829966
        ],
        [
          -0.8786263716454568,
          -0.27288471058332575,
          0.3918540975735261,
          2.230708645244779
        ],
        [
          0.27148870655902013,
          0.38960475650134113,
          0.8800579617308161,
          3.281603233581776
        ],
        [
          0.0,
          0.0,
          0.0,
          1.0
        ]
      ]
    },
    {
      "file_path": "./../image/0095.jpg",
      "sharpness": 263.5605750830332,
      "transform_matrix": [
        [
          -0.3413096441724909,
          0.6221625438902957,
          -0.7045718528666836,
          -2.7281758674010974
        ],
        [
          -0.9059441475652534,
          -0.017940046286475587,
          0.42301696920770626,
          2.4522410185634067
        ],
        [
          0.2505452620184533,
          0.7826825178829873,
          0.569767626286199,
          2.1460004821702023
        ],
        [
          0.0,
          0.0,
          0.0,
          1.0
        ]
      ]
    },
    {
      "file_path": "./../image/0097.jpg",
      "sharpness": 277.5359129297892,
      "transform_matrix": [
        [
          -0.17428211262953439,
          0.6450923610073847,
          -0.7439634339565979,
          -2.996526695006151
        ],
        [
          -0.9574535580302953,
          0.0654691534689755,
          0.2810631142027577,
          1.9061828440319775
        ],
        [
          0.23001832416615564,
          0.7612947102116742,
          0.606235873926044,
          2.3009345780955495
        ],
        [
          0.0,
          0.0,
          0.0,
          1.0
        ]
      ]
    },
    {
      "file_path": "./../image/0087.jpg",
      "sharpness": 238.3986972754161,
      "transform_matrix": [
        [
          -0.8828029701496463,
          0.37744023589662523,
          -0.27963866738784776,
          -0.6975352139738851
        ],
        [
          -0.39365502112559464,
          -0.2696191646030901,
          0.8788294660669431,
          3.9332534957996867
        ],
        [
          0.2563096570933794,
          0.8859144284170217,
          0.3866018433564096,
          1.3481870373261122
        ],
        [
          0.0,
          0.0,
          0.0,
          1.0
        ]
      ]
    },
    {
      "file_path": "./../image/0083.jpg",
      "sharpness": 227.18479942719136,
      "transform_matrix": [
        [
          -0.9801804430431365,
          0.194985137149775,
          0.0350299221185695,
          0.6311311992214769
        ],
        [
          -0.026169608397949955,
          -0.3027139428992124,
          0.9527221107840835,
          3.966395668897782
        ],
        [
          0.1963706972808221,
          0.9329228613012814,
          0.3018169713489148,
          1.010550635195453
        ],
        [
          0.0,
          0.0,
          0.0,
          1.0
        ]
      ]
    },
    {
      "file_path": "./../image/0061.jpg",
      "sharpness": 281.32492135975093,
      "transform_matrix": [
        [
          -0.7672858131714726,
          0.6296285258735707,
          -0.12182118202207193,
          -0.14273750580175265
        ],
        [
          -0.5740971888619851,
          -0.5897113608765359,
          0.568025464746149,
          2.724552051783406
        ],
        [
          0.28580570099294356,
          0.5057750787625686,
          0.8139451277979418,
          3.02970316117446
        ],
        [
          0.0,
          0.0,
          0.0,
          1.0
        ]
      ]
    },
    {
      "file_path": "./../image/0092.jpg",
      "sharpness": 252.2315911431206,
      "transform_matrix": [
        [
          -0.5800262709937234,
          0.5591537578237692,
          -0.5923821402995377,
          -2.1597545365223354
        ],
        [
          -0.7673626846569093,
          -0.13102205914248488,
          0.6276844192907545,
          3.2057439830834933
        ],
        [
          0.2733569739525779,
          0.8186454026051372,
          0.5050699651219822,
          1.8410776843119663
        ],
        [
          0.0,
          0.0,
          0.0,
          1.0
        ]
      ]
    },
    {
      "file_path": "./../image/0081.jpg",
      "sharpness": 190.5081583963076,
      "transform_matrix": [
        [
          -0.9737233392040185,
          0.09953172392030583,
          0.20483235755128265,
          1.307802672188987
        ],
        [
          0.16814836829884774,
          -0.2923724553043969,
          0.9414055840199176,
          3.773017997327688
        ],
        [
          0.15358705998876168,
          0.951110815514238,
          0.26795378649910434,
          0.886328483368787
        ],
        [
          0.0,
          0.0,
          0.0,
          1.0
        ]
      ]
    },
    {
      "file_path": "./../image/0084.jpg",
      "sharpness": 236.81415964338515,
      "transform_matrix": [
        [
          -0.9701776183935998,
          0.23883402223832687,
          -0.04139684368129972,
          0.3065347404182993
        ],
        [
          -0.11419868924897064,
          -0.29971967893957724,
          0.9471677641454773,
          4.00975261572211
        ],
        [
          0.2138084381480761,
          0.9236484309252991,
          0.31805585658697,
          1.070167097420098
        ],
        [
          0.0,
          0.0,
          0.0,
          1.0
        ]
      ]
    },
    {
      "file_path": "./../image/0091.jpg",
      "sharpness": 243.71557567290196,
      "transform_matrix": [
        [
          -0.6592896323289656,
          0.526618124809368,
          -0.5366661265656623,
          -1.8857331771970318
        ],
        [
          -0.6996035734334624,
          -0.16813783478366387,
          0.6944670680165909,
          3.4309984695164677
        ],
        [
          0.2754850645782707,
          0.8333084778232651,
          0.479275453226573,
          1.730125020428574
        ],
        [
          0.0,
          0.0,
          0.0,
          1.0
        ]
      ]
    },
    {
      "file_path": "./../image/0080.jpg",
      "sharpness": 205.11796221906874,
      "transform_matrix": [
        [
          -0.9572079272784071,
          0.051995975902937155,
          0.28469176757058756,
          1.621650903729385
        ],
        [
          0.25968448587857323,
          -0.2798844849877878,
          0.9242449041586709,
          3.6336957734446735
        ],
        [
          0.12773782451180382,
          0.9586245843027817,
          0.25440509948243595,
          0.8470283576866743
        ],
        [
          0.0,
          0.0,
          0.0,
          1.0
        ]
      ]
    },
    {
      "file_path": "./../image/0058.jpg",
      "sharpness": 263.3936166698774,
      "transform_matrix": [
        [
          -0.5519465565727686,
          0.8038819567476383,
          -0.22165017117124092,
          -0.6579477004815618
        ],
        [
          -0.7834488173932839,
          -0.40887685831149745,
          0.4680039158688241,
          2.4642643180316712
        ],
        [
          0.28559227802148457,
          0.4319647143054971,
          0.8554785423450592,
          3.176043660011262
        ],
        [
          0.0,
          0.0,
          0.0,
          1.0
        ]
      ]
    },
    {
      "file_path": "./../image/0008.jpg",
      "sharpness": 283.19273588433794,
      "transform_matrix": [
        [
          0.6812894938773427,
          -0.5162279889453839,
          0.5189925712753001,
          1.3814801024738186
        ],
        [
          0.6727236445458523,
          0.7210605970508087,
          -0.16587499346147955,
          -0.9236562236522787
        ],
        [
          -0.288595779017754,
          0.46214746438282195,
          0.8385297833595547,
          3.4901915944532873
        ],
        [
          0.0,
          0.0,
          0.0,
          1.0
        ]
      ]
    },
    {
      "file_path": "./../image/0004.jpg",
      "sharpness": 295.5141674049272,
      "transform_matrix": [
        [
          0.8936533666562237,
          -0.25031459110814613,
          0.3724597506034005,
          0.6671527429413696
        ],
        [
          0.36279871277248793,
          0.8914879705280834,
          -0.27134165257201825,
          -1.0946148378282623
        ],
        [
          -0.2641226123546481,
          0.3776132994135232,
          0.8874950376381534,
          3.6647843458971616
        ],
        [
          0.0,
          0.0,
          0.0,
          1.0
        ]
      ]
    },
    {
      "file_path": "./../image/0005.jpg",
      "sharpness": 309.2469184696515,
      "transform_matrix": [
        [
          0.8536875324878556,
          -0.3202648590733214,
          0.4106677696079044,
          0.842908959913703
        ],
        [
          0.44335853251556284,
          0.8606403796328237,
          -0.25046226980781877,
          -1.0764565638635277
        ],
        [
          -0.27322300159512647,
          0.39588957677834424,
          0.876710119983208,
          3.625323184321772
        ],
        [
          0.0,
          0.0,
          0.0,
          1.0
        ]
      ]
    },
    {
      "file_path": "./../image/0003.jpg",
      "sharpness": 311.09482814326816,
      "transform_matrix": [
        [
          0.9281026855767756,
          -0.1743095713413748,
          0.32900087908872194,
          0.4811581054287534
        ],
        [
          0.2741167533002781,
          0.9178831362197443,
          -0.2869678619805523,
          -1.08823633298457
        ],
        [
          -0.25196311370642804,
          0.356520296187114,
          0.8996709775364392,
          3.7071439092570664
        ],
        [
          0.0,
          0.0,
          0.0,
          1.0
        ]
      ]
    },
    {
      "file_path": "./../image/0006.jpg",
      "sharpness": 286.60310744678696,
      "transform_matrix": [
        [
          0.8005021671431373,
          -0.39318360840242944,
          0.4523305545284051,
          1.0415161009166027
        ],
        [
          0.5291437965131852,
          0.8180614263385103,
          -0.2253493850774473,
          -1.0431011238144254
        ],
        [
          -0.281430494237977,
          0.4197405780209447,
          0.8629106119169986,
          3.579303495807441
        ],
        [
          0.0,
          0.0,
          0.0,
          1.0
        ]
      ]
    },
    {
      "file_path": "./../image/0009.jpg",
      "sharpness": 265.8970160369767,
      "transform_matrix": [
        [
          0.6074853413438244,
          -0.5728866924052001,
          0.5502384917420765,
          1.556856150043217
        ],
        [
          0.7401755088670737,
          0.6596525665777485,
          -0.13037909144846235,
          -0.8328820253955423
        ],
        [
          -0.28827378684882526,
          0.4864764424961094,
          0.8247659636500074,
          3.4410985441153636
        ],
        [
          0.0,
          0.0,
          0.0,
          1.0
        ]
      ]
    },
    {
      "file_path": "./../image/0010.jpg",
      "sharpness": 283.83896664809123,
      "transform_matrix": [
        [
          0.5336481690573528,
          -0.6193681962863222,
          0.5758495195517241,
          1.7074879856644807
        ],
        [
          0.7957712739988235,
          0.5982607082978029,
          -0.09397980842430655,
          -0.7360946982424872
        ],
        [
          -0.28630003700886714,
          0.508396658499278,
          0.8121361502351978,
          3.3951654725198814
        ],
        [
          0.0,
          0.0,
          0.0,
          1.0
        ]
      ]
    },
    {
      "file_path": "./../image/0001.jpg",
      "sharpness": 313.5551627728675,
      "transform_matrix": [
        [
          0.9703621817207734,
          -0.02242535459777614,
          0.24061242660023366,
          0.11643325631626844
        ],
        [
          0.09786121082680414,
          0.946854256544328,
          -0.30641507842397075,
          -1.0368831374058995
        ],
        [
          -0.22095343351612798,
          0.3208802274187008,
          0.9209861345061144,
          3.765872944733375
        ],
        [
          0.0,
          0.0,
          0.0,
          1.0
        ]
      ]
    },
    {
      "file_path": "./../image/0012.jpg",
      "sharpness": 298.6823810755306,
      "transform_matrix": [
        [
          0.3617338768376522,
          -0.6983378569320862,
          0.6176348759588407,
          1.9926970018787733
        ],
        [
          0.8921247913148924,
          0.4516336315590721,
          -0.01184987646741299,
          -0.47724344108451194
        ],
        [
          -0.27066946466966507,
          0.5552938865781849,
          0.7863756993369575,
          3.296560177931959
        ],
        [
          0.0,
          0.0,
          0.0,
          1.0
        ]
      ]
    },
    {
      "file_path": "./../image/0011.jpg",
      "sharpness": 282.2118613891178,
      "transform_matrix": [
        [
          0.452326626006479,
          -0.6621157899868322,
          0.5974975348341588,
          1.847773857139579
        ],
        [
          0.8469584648092229,
          0.5287851810650301,
          -0.05520499234848591,
          -0.6224567692214609
        ],
        [
          -0.27939574502315495,
          0.5310262827581383,
          0.7999681898465637,
          3.348790520853614
        ],
        [
          0.0,
          0.0,
          0.0,
          1.0
        ]
      ]
    },
    {
      "file_path": "./../image/0073.jpg",
      "sharpness": 264.4593749972873,
      "transform_matrix": [
        [
          -0.8821597466895962,
          -0.2843418409179824,
          0.3754249577493604,
          1.8693552194089955
        ],
        [
          0.46551887878720827,
          -0.647191045113074,
          0.6036852860757139,
          2.204212288920453
        ],
        [
          0.07131868518947271,
          0.7073142644450056,
          0.7032923833931544,
          2.780769532197656
        ],
        [
          0.0,
          0.0,
          0.0,
          1.0
        ]
      ]
    },
    {
      "file_path": "./../image/0026.jpg",
      "sharpness": 258.8435481251611,
      "transform_matrix": [
        [
          -0.718377029461556,
          -0.14193475245355658,
          0.6810205354210157,
          2.916088955024063
        ],
        [
          0.6954247790862503,
          -0.17165000906251385,
          0.6977969984371155,
          2.5359444470619237
        ],
        [
          0.017855536840768696,
          0.9748798903028049,
          0.22201436748705433,
          0.7672274025999105
        ],
        [
          0.0,
          0.0,
          0.0,
          1.0
        ]
      ]
    },
    {
      "file_path": "./../image/0069.jpg",
      "sharpness": 286.05247715393705,
      "transform_matrix": [
        [
          -0.9775857501309576,
          0.020183003406736212,
          0.20956800230847564,
          1.285419417103109
        ],
        [
          0.12519275496319052,
          -0.7445676559974223,
          0.655702508576412,
          2.6317648469553814
        ],
        [
          0.16927160221528725,
          0.6672418242705528,
          0.7253519647115683,
          2.800040266589757
        ],
        [
          0.0,
          0.0,
          0.0,
          1.0
        ]
      ]
    },
    {
      "file_path": "./../image/0028.jpg",
      "sharpness": 223.25307592382435,
      "transform_matrix": [
        [
          -0.5723767321981341,
          -0.20905927263699411,
          0.7928928660543397,
          3.279439024467116
        ],
        [
          0.8189791636009557,
          -0.09773284430167337,
          0.5654391397297794,
          1.9265902917443536
        ],
        [
          -0.040718620246398995,
          0.9730069433218029,
          0.22715519429709066,
          0.8360243441428663
        ],
        [
          0.0,
          0.0,
          0.0,
          1.0
        ]
      ]
    },
    {
      "file_path": "./../image/0098.jpg",
      "sharpness": 277.0817966732024,
      "transform_matrix": [
        [
          -0.11188527617304898,
          0.6502929582738327,
          -0.7513991971464545,
          -2.9405523825244457
        ],
        [
          -0.9679574552042179,
          0.09974469862467956,
          0.23045468104817238,
          1.5567422534659374
        ],
        [
          0.2248111427530679,
          0.7531069403468214,
          0.6182959538755423,
          2.3284341789878438
        ],
        [
          0.0,
          0.0,
          0.0,
          1.0
        ]
      ]
    },
    {
      "file_path": "./../image/0029.jpg",
      "sharpness": 227.39951217104598,
      "transform_matrix": [
        [
          -0.4917393107016615,
          -0.2368973053222304,
          0.8378974383054942,
          3.4197557931037186
        ],
        [
          0.8679942866690296,
          -0.05696952092715488,
          0.49329544088854244,
          1.6030627289200523
        ],
        [
          -0.0691257450278829,
          0.969862949338589,
          0.23363966049870788,
          0.8870020268186313
        ],
        [
          0.0,
          0.0,
          0.0,
          1.0
        ]
      ]
    },
    {
      "file_path": "./../image/0088.jpg",
      "sharpness": 244.50727838795981,
      "transform_matrix": [
        [
          -0.8387800659884614,
          0.4171070244197247,
          -0.34995675612467236,
          -1.0099255822230497
        ],
        [
          -0.47631317895564185,
          -0.25075529857529755,
          0.8427618499883299,
          3.853763231471114
        ],
        [
          0.26376837667261,
          0.8735808551525169,
          0.4090021186520324,
          1.4405184879061883
        ],
        [
          0.0,
          0.0,
          0.0,
          1.0
        ]
      ]
    },
    {
      "file_path": "./../image/0025.jpg",
      "sharpness": 275.8761208587223,
      "transform_matrix": [
        [
          -0.7253680443715721,
          -0.15645396126363603,
          0.6703457005804292,
          2.832790990547971
        ],
        [
          0.6868026931940946,
          -0.22998606476724415,
          0.6894987096727478,
          2.5850630791811917
        ],
        [
          0.04629536529566724,
          0.9605355631617645,
          0.2742775439896796,
          1.013703169024605
        ],
        [
          0.0,
          0.0,
          0.0,
          1.0
        ]
      ]
    },
    {
      "file_path": "./../image/0033.jpg",
      "sharpness": 219.181611261993,
      "transform_matrix": [
        [
          -0.13773996076844883,
          -0.3027011530374271,
          0.9430799092518658,
          3.6495323363082104
        ],
        [
          0.9761770815949529,
          0.11967565216778098,
          0.18098630791622375,
          0.28046328959804856
        ],
        [
          -0.1676484672762765,
          0.9455420404763262,
          0.27900580853297424,
          1.1596043663727367
        ],
        [
          0.0,
          0.0,
          0.0,
          1.0
        ]
      ]
    },
    {
      "file_path": "./../image/0071.jpg",
      "sharpness": 266.5513389424642,
      "transform_matrix": [
        [
          -0.9433077260510627,
          -0.14350275872376927,
          0.2992949920867871,
          1.6103944990829477
        ],
        [
          0.30931491573194597,
          -0.7071270126504989,
          0.6358424890583275,
          2.435513810388404
        ],
        [
          0.1203944223619265,
          0.6923715377365764,
          0.7114259180545678,
          2.7837695253214396
        ],
        [
          0.0,
          0.0,
          0.0,
          1.0
        ]
      ]
    },
    {
      "file_path": "./../image/0066.jpg",
      "sharpness": 287.93120731264753,
      "transform_matrix": [
        [
          -0.9601939793505607,
          0.2685892656815589,
          0.07672892842184718,
          0.7549148027435131
        ],
        [
          -0.155581626286345,
          -0.7423652282064221,
          0.6516810765384335,
          2.799098152780073
        ],
        [
          0.23199543026394448,
          0.6138026346818163,
          0.7546021773608038,
          2.8551222434479575
        ],
        [
          0.0,
          0.0,
          0.0,
          1.0
        ]
      ]
    },
    {
      "file_path": "./../image/0034.jpg",
      "sharpness": 206.00681263350384,
      "transform_matrix": [
        [
          -0.04798581915026925,
          -0.3064826900488216,
          0.9506659360354217,
          3.634099579623574
        ],
        [
          0.9809801587756879,
          0.16475656253147133,
          0.10263139479422861,
          -0.04160268653409937
        ],
        [
          -0.1880831976969575,
          0.9375092724244016,
          0.2927474593326378,
          1.2383017861874746
        ],
        [
          0.0,
          0.0,
          0.0,
          1.0
        ]
      ]
    },
    {
      "file_path": "./../image/0047.jpg",
      "sharpness": 291.154480856567,
      "transform_matrix": [
        [
          0.9107735175108899,
          -0.01756162986922326,
          0.41253265208267564,
          0.8222571006389535
        ],
        [
          0.33110881020018373,
          0.6279830144249768,
          -0.7042757197346126,
          -2.803101509151634
        ],
        [
          -0.24669526888774881,
          0.7780288701600281,
          0.5777651093561028,
          2.4941819733708823
        ],
        [
          0.0,
          0.0,
          0.0,
          1.0
        ]
      ]
    },
    {
      "file_path": "./../image/0093.jpg",
      "sharpness": 271.2692484066328,
      "transform_matrix": [
        [
          -0.4924452056596226,
          0.5866433054275283,
          -0.6429209529149787,
          -2.4595456281668744
        ],
        [
          -0.827700024044286,
          -0.08727319975283558,
          0.5543429072407786,
          2.9908259965455417
        ],
        [
          0.26909178669500367,
          0.8051291951484421,
          0.5285419468086431,
          1.945965160489052
        ],
        [
          0.0,
          0.0,
          0.0,
          1.0
        ]
      ]
    },
    {
      "file_path": "./../image/0032.jpg",
      "sharpness": 231.6543578266991,
      "transform_matrix": [
        [
          -0.23467725745576715,
          -0.2915167502364344,
          0.9273319628061015,
          3.6419862063758592
        ],
        [
          0.9615278476891682,
          0.07052314123577208,
          0.2655008185950553,
          0.6199044566658288
        ],
        [
          -0.1427962988073641,
          0.9539625102504712,
          0.2637512960478028,
          1.0700276483426017
        ],
        [
          0.0,
          0.0,
          0.0,
          1.0
        ]
      ]
    },
    {
      "file_path": "./../image/0044.jpg",
      "sharpness": 291.43071541925,
      "transform_matrix": [
        [
          0.7952267505288733,
          -0.1207532546215762,
          0.5941658580049638,
          1.798931872037961
        ],
        [
          0.5445563112385637,
          0.5731365807760977,
          -0.6123502949070091,
          -2.689922728461057
        ],
        [
          -0.26659489719235807,
          0.8105141031033773,
          0.521530487646582,
          2.2749342448994456
        ],
        [
          0.0,
          0.0,
          0.0,
          1.0
        ]
      ]
    },
    {
      "file_path": "./../image/0070.jpg",
      "sharpness": 277.4219116616142,
      "transform_matrix": [
        [
          -0.9650745971639587,
          -0.0630399370806238,
          0.25427738459973626,
          1.450056056969813
        ],
        [
          0.218436239318681,
          -0.7294712166851408,
          0.64819545924542,
          2.541626863107006
        ],
        [
          0.14462583215270777,
          0.6811003673505374,
          0.7177643473678932,
          2.7923069436289993
        ],
        [
          0.0,
          0.0,
          0.0,
          1.0
        ]
      ]
    },
    {
      "file_path": "./../image/0037.jpg",
      "sharpness": 258.65724459567605,
      "transform_matrix": [
        [
          0.24137383113465963,
          -0.29708097840137937,
          0.9238406604997663,
          3.362454355269758
        ],
        [
          0.9398835008245382,
          0.30854848334422624,
          -0.14634492922529577,
          -1.0087739076663957
        ],
        [
          -0.24157333989059968,
          0.9036264304288144,
          0.35369703952385223,
          1.5364286023735791
        ],
        [
          0.0,
          0.0,
          0.0,
          1.0
        ]
      ]
    },
    {
      "file_path": "./../image/0000.jpg",
      "sharpness": 376.23622471516927,
      "transform_matrix": [
        [
          0.9708499823622843,
          0.06991417243878027,
          0.22926473849360554,
          0.03992976321551125
        ],
        [
          -0.007877780790941341,
          0.9653040676249995,
          -0.26100957377577033,
          -0.9280262953778369
        ],
        [
          -0.23955845297999087,
          0.25159504274364897,
          0.937716205552625,
          3.9750375938885805
        ],
        [
          0.0,
          0.0,
          0.0,
          1.0
        ]
      ]
    },
    {
      "file_path": "./../image/0074.jpg",
      "sharpness": 243.2164897174412,
      "transform_matrix": [
        [
          -0.8290584435905711,
          -0.366295963410178,
          0.4224800165425319,
          2.017364538832774
        ],
        [
          0.5576372247927892,
          -0.5973779727076427,
          0.5763508334818924,
          2.038236299383625
        ],
        [
          0.041265271979160315,
          0.7134191089238153,
          0.6995215167771418,
          2.780719455520305
        ],
        [
          0.0,
          0.0,
          0.0,
          1.0
        ]
      ]
    },
    {
      "file_path": "./../image/0031.jpg",
      "sharpness": 231.75025010426845,
      "transform_matrix": [
        [
          -0.32072812235531667,
          -0.27844591554587267,
          0.9053183659483787,
          3.599113292890734
        ],
        [
          0.939387186459845,
          0.028776445989770756,
          0.3416484012510862,
          0.9473479904008265
        ],
        [
          -0.12118244694240342,
          0.9600207228776286,
          0.25233910969551476,
          1.0053459124783972
        ],
        [
          0.0,
          0.0,
          0.0,
          1.0
        ]
      ]
    },
    {
      "file_path": "./../image/0007.jpg",
      "sharpness": 291.74923049570714,
      "transform_matrix": [
        [
          0.7426773644519897,
          -0.4586047819781596,
          0.4879671980313838,
          1.2163758484633884
        ],
        [
          0.6051867474970881,
          0.7716005041575933,
          -0.19591238512103434,
          -0.991738422016841
        ],
        [
          -0.28666937934813075,
          0.44081097530707364,
          0.8505917652295617,
          3.534518698273621
        ],
        [
          0.0,
          0.0,
          0.0,
          1.0
        ]
      ]
    },
    {
      "file_path": "./../image/0002.jpg",
      "sharpness": 300.55410344737373,
      "transform_matrix": [
        [
          0.9558338999161137,
          -0.09158518076767896,
          0.27927354065878274,
          0.2688731259735483
        ],
        [
          0.177383691522824,
          0.9373988506113102,
          -0.2996972153032099,
          -1.0648742582935884
        ],
        [
          -0.23434287238057955,
          0.3359993296839709,
          0.9122433166100476,
          3.7427220776447916
        ],
        [
          0.0,
          0.0,
          0.0,
          1.0
        ]
      ]
    },
    {
      "file_path": "./../image/0072.jpg",
      "sharpness": 259.71725796372095,
      "transform_matrix": [
        [
          -0.915555868789456,
          -0.21682926075894896,
          0.3387366571263,
          1.7452433921340202
        ],
        [
          0.390747009940373,
          -0.6790317619034101,
          0.6214761785902795,
          2.322022905756094
        ],
        [
          0.0952587287267159,
          0.7013564985504739,
          0.706416900014253,
          2.780425886278242
        ],
        [
          0.0,
          0.0,
          0.0,
          1.0
        ]
      ]
    },
    {
      "file_path": "./../image/0030.jpg",
      "sharpness": 258.0942778060807,
      "transform_matrix": [
        [
          -0.4042253274313537,
          -0.2625973749320783,
          0.8761532419725361,
          3.522736160887878
        ],
        [
          0.9094516099308552,
          -0.013317725579175274,
          0.41559644775399907,
          1.2704142020044633
        ],
        [
          -0.09746616776940184,
          0.9648135866307287,
          0.24420296737847808,
          0.9551695088688412
        ],
        [
          0.0,
          0.0,
          0.0,
          1.0
        ]
      ]
    },
    {
      "file_path": "./../image/0068.jpg",
      "sharpness": 295.4152146240234,
      "transform_matrix": [
        [
          -0.9810655511292246,
          0.09679000564237072,
          0.1677560111365591,
          1.1225659141526987
        ],
        [
          0.038446551115412335,
          -0.7516034787165398,
          0.6584937915384582,
          2.699900082277245
        ],
        [
          0.189821619344322,
          0.6524752145679299,
          0.7336510391782942,
          2.8167257616387045
        ],
        [
          0.0,
          0.0,
          0.0,
          1.0
        ]
      ]
    },
    {
      "file_path": "./../image/0041.jpg",
      "sharpness": 258.55075780164924,
      "transform_matrix": [
        [
          0.5790706423308303,
          -0.22401553193410573,
          0.7838968253029399,
          2.5989856966080866
        ],
        [
          0.7677694086110891,
          0.4732691090394823,
          -0.4319102749832679,
          -2.044677119360062
        ],
        [
          -0.27423954209181856,
          0.851958562338795,
          0.4460485194395797,
          1.9532751367949224
        ],
        [
          0.0,
          0.0,
          0.0,
          1.0
        ]
      ]
    },
    {
      "file_path": "./../image/0067.jpg",
      "sharpness": 282.7618196537335,
      "transform_matrix": [
        [
          -0.9753438913001691,
          0.1852027318946916,
          0.1200176731959732,
          0.9339646793125511
        ],
        [
          -0.06163901739132758,
          -0.7507948126501559,
          0.6576532375338981,
          2.763113139689145
        ],
        [
          0.2119078226925449,
          0.6340402963770735,
          0.7436988485503631,
          2.8340457269286303
        ],
        [
          0.0,
          0.0,
          0.0,
          1.0
        ]
      ]
    },
    {
      "file_path": "./../image/0042.jpg",
      "sharpness": 280.2151395878156,
      "transform_matrix": [
        [
          0.6555903141238115,
          -0.19561113573056654,
          0.7293405402707495,
          2.3221260335257847
        ],
        [
          0.7031921147488818,
          0.5101274988543741,
          -0.49526839660303845,
          -2.248561374621348
        ],
        [
          -0.27517665207043834,
          0.837559680589663,
          0.4719868554199413,
          2.0631339381850173
        ],
        [
          0.0,
          0.0,
          0.0,
          1.0
        ]
      ]
    },
    {
      "file_path": "./../image/0054.jpg",
      "sharpness": 329.72165481461417,
      "transform_matrix": [
        [
          -0.2146940574989828,
          0.929087499958144,
          -0.30116918695865497,
          -1.1427641149218823
        ],
        [
          -0.9445463064772813,
          -0.11906396674002621,
          0.30603275437512173,
          1.941844964127021
        ],
        [
          0.24847280860852042,
          0.3501716569309483,
          0.9031284926010174,
          3.388199537724656
        ],
        [
          0.0,
          0.0,
          0.0,
          1.0
        ]
      ]
    },
    {
      "file_path": "./../image/0045.jpg",
      "sharpness": 284.90674317067464,
      "transform_matrix": [
        [
          0.8325073889277067,
          -0.09652293573688142,
          0.5455408053800326,
          1.4720779175382803
        ],
        [
          0.4887045656249893,
          0.591773303414198,
          -0.6410711387277599,
          -2.6881887021246675
        ],
        [
          -0.26095841622079524,
          0.8003047421431149,
          0.5398268470446191,
          2.3496725415211084
        ],
        [
          0.0,
          0.0,
          0.0,
          1.0
        ]
      ]
    },
    {
      "file_path": "./../image/0099.jpg",
      "sharpness": 282.7631028302405,
      "transform_matrix": [
        [
          -0.028981252717302813,
          0.6555263896603065,
          -0.7546159549910457,
          -2.963412292332643
        ],
        [
          -0.9761420309298736,
          0.1439621516136378,
          0.16254732960292567,
          1.2130476055059858
        ],
        [
          0.2151902006460208,
          0.7413231761147911,
          0.635714657833498,
          2.3865189643609908
        ],
        [
          0.0,
          0.0,
          0.0,
          1.0
        ]
      ]
    },
    {
      "file_path": "./../image/0038.jpg",
      "sharpness": 254.2541461425358,
      "transform_matrix": [
        [
          0.3274945044283641,
          -0.2854948049605443,
          0.9006886620730551,
          3.2286264428022684
        ],
        [
          0.9103988298451231,
