{
  "camera_angle_x": 0.9721250858427762,
  "camera_angle_y": 0.7549782122674635,
  "fl_x": 605.6693925615865,
  "fl_y": 605.2899707440048,
  "k1": -0.0004232096575180807,
  "k2": -0.009941512102599205,
  "k3": 0,
  "k4": 0,
  "p1": 0.000687837485324841,
  "p2": -0.0006035651880367735,
  "is_fisheye": false,
  "cx": 317.89854152457366,
  "cy": 242.54778674509834,
  "w": 640.0,
  "h": 480.0,
  "aabb_scale": 128,
  "frames": [
    {
      "file_path": "././0089.jpg",
      "sharpness": 261.0245964634259,
      "transform_matrix": [
        [
          -0.7350042164734527,
          0.47707998027005044,
          -0.4818334715122656,
          -1.6266393063395916
        ],
        [
          -0.6204361165560915,
          -0.18651882882163573,
          0.7617543907176854,
          3.62518920865408
        ],
        [
          0.27354675490068703,
          0.858839576986475,
          0.4330897758809994,
          1.5319002877916854
        ],
        [
          0.0,
          0.0,
          0.0,
          1.0
        ]
      ]
    },
    {
      "file_path": "././0083.jpg",
      "sharpness": 224.20805709326004,
      "transform_matrix": [
        [
          -0.9746014208582218,
          0.22025785276643114,
          -0.040478992497882615,
          0.3194504494146858
        ],
        [
          -0.10429230068593902,
          -0.2864417833843975,
          0.952404441799318,
          4.009924216091008
        ],
        [
          0.19817968251523188,
          0.9324363694663502,
          0.30213776728875263,
          1.0100937554073794
        ],
        [
          0.0,
          0.0,
          0.0,
          1.0
        ]
      ]
    },
    {
      "file_path": "././0080.jpg",
      "sharpness": 202.47372377505832,
      "transform_matrix": [
        [
          -0.9758314757034817,
          0.07673020292339602,
          0.20461037867978987,
          1.3118459227036805
        ],
        [
          0.17627685370070612,
          -0.2769738955021182,
          0.9445697073639575,
          3.769453108309465
        ],
        [
          0.12914875896443428,
          0.9578089252299601,
          0.2567540864240209,
          0.8509892646147907
        ],
        [
          0.0,
          0.0,
          0.0,
          1.0
        ]
      ]
    },
    {
      "file_path": "././0084.jpg",
      "sharpness": 231.42908816829257,
      "transform_matrix": [
        [
          -0.9564526910067975,
          0.2659316330165816,
          -0.1203271228974414,
          -0.01759830228705692
        ],
        [
          -0.19629927380448442,
          -0.28094238580448283,
          0.9394349210946906,
          4.029863772817841
        ],
        [
          0.2160204736957184,
          0.9221451851505265,
          0.3209102873633636,
          1.082085524203473
        ],
        [
          0.0,
          0.0,
          0.0,
          1.0
        ]
      ]
    },
    {
      "file_path": "././0082.jpg",
      "sharpness": 211.79499635822503,
      "transform_matrix": [
        [
          -0.9844501120123094,
          0.16946444981609463,
          0.046257726762854716,
          0.6681295467550913
        ],
        [
          -0.0042773263344982465,
          -0.28637682015082566,
          0.9581075207770787,
          3.9574061650754717
        ],
        [
          0.17561230457090243,
          0.9430111967559746,
          0.28264854742916906,
          0.9384929413103275
        ],
        [
          0.0,
          0.0,
          0.0,
          1.0
        ]
      ]
    },
    {
      "file_path": "././0081.jpg",
      "sharpness": 204.8373501569006,
      "transform_matrix": [
        [
          -0.9844521679503299,
          0.1245595861268718,
          0.12385006499628794,
          0.9856601683912858
        ],
        [
          0.08430327524666562,
          -0.2835233458786816,
          0.9552525687661422,
          3.881043895063939
        ],
        [
          0.15410024942718167,
          0.95084142838065,
          0.2686143914409351,
          0.8878190209168306
        ],
        [
          0.0,
          0.0,
          0.0,
          1.0
        ]
      ]
    },
    {
      "file_path": "././0090.jpg",
      "sharpness": 256.70951166682767,
      "transform_matrix": [
        [
          -0.6721843532323395,
          0.5103698274572576,
          -0.5363681893705647,
          -1.895573752699918
        ],
        [
          -0.6864444701457376,
          -0.15815192014284155,
          0.7097759925295734,
          3.47500675003681
        ],
        [
          0.27742059178812806,
          0.8452872940338388,
          0.45664779194093713,
          1.6250098870940672
        ],
        [
          0.0,
          0.0,
          0.0,
          1.0
        ]
      ]
    },
    {
      "file_path": "././0085.jpg",
      "sharpness": 236.33944936099584,
      "transform_matrix": [
        [
          -0.9270793256834624,
          0.3149198340421476,
          -0.2033455730891377,
          -0.3683673050575592
        ],
        [
          -0.2929247632141196,
          -0.2700910682234712,
          0.917194580212796,
          4.008344556541593
        ],
        [
          0.23392094193081198,
          0.9098770867919804,
          0.3426436632199678,
          1.1690680667040931
        ],
        [
          0.0,
          0.0,
          0.0,
          1.0
        ]
      ]
    },
    {
      "file_path": "././0086.jpg",
      "sharpness": 226.70646809428538,
      "transform_matrix": [
        [
          -0.8926672956376183,
          0.3567680698750613,
          -0.2754299251977381,
          -0.6907461112722244
        ],
        [
          -0.376855499110396,
          -0.25559696754230343,
          0.8903090042133149,
          3.9679419357886165
        ],
        [
          0.24723477137462685,
          0.898547013003253,
          0.36261306282858285,
          1.2457346272821064
        ],
        [
          0.0,
          0.0,
          0.0,
          1.0
        ]
      ]
    },
    {
      "file_path": "././0088.jpg",
      "sharpness": 253.9321715474023,
      "transform_matrix": [
        [
          -0.7945158002117944,
          0.43918648667516164,
          -0.419356498952296,
          -1.3318105997813638
        ],
        [
          -0.5455310816502416,
          -0.21290194794565584,
          0.8105976804336001,
          3.768740319598543
        ],
        [
          0.26672173186605413,
          0.8728046691900311,
          0.40874384066076325,
          1.434432222105792
        ],
        [
          0.0,
          0.0,
          0.0,
          1.0
        ]
      ]
    },
    {
      "file_path": "././0079.jpg",
      "sharpness": 195.69339406304886,
      "transform_matrix": [
        [
          -0.9564743254340954,
          0.02769312568002853,
          0.290499493378646,
          1.6366125466942416
        ],
        [
          0.27333860338083776,
          -0.2635856060172822,
          0.9250992574919658,
          3.621992519313181
        ],
        [
          0.10219037501415013,
          0.9642384140721701,
          0.2445432644128881,
          0.8136107913488567
        ],
        [
          0.0,
          0.0,
          0.0,
          1.0
        ]
      ]
    },
    {
      "file_path": "././0087.jpg",
      "sharpness": 236.67201679839036,
      "transform_matrix": [
        [
          -0.84838090524241,
          0.3984738038003077,
          -0.34852326663046473,
          -1.0201125302851186
        ],
        [
          -0.4623105543576233,
          -0.2369283029332472,
          0.8544787478975644,
          3.8892037713099814
        ],
        [
          0.2579123708457588,
          0.8860494382541968,
          0.3852240932519672,
          1.3330285777312407
        ],
        [
          0.0,
          0.0,
          0.0,
          1.0
        ]
      ]
    },
    {
      "file_path": "././0075.jpg",
      "sharpness": 143.87998611242503,
      "transform_matrix": [
        [
          -0.8387926474585822,
          -0.15852213477637994,
          0.520862388192072,
          2.5887532268183584
        ],
        [
          0.5443247427123222,
          -0.22356396388524652,
          0.8085355456211872,
          2.918148826684737
        ],
        [
          -0.011724720591499961,
          0.9617119563171407,
          0.27381132937000224,
          1.0408367598750392
        ],
        [
          0.0,
          0.0,
          0.0,
          1.0
        ]
      ]
    },
    {
      "file_path": "././0077.jpg",
      "sharpness": 174.2723694483439,
      "transform_matrix": [
        [
          -0.8949513268642284,
          -0.05817697244788724,
          0.4423545664945052,
          2.223161856112381
        ],
        [
          0.44335403268672136,
          -0.22705582502710397,
          0.8671117886590824,
          3.2553570187876764
        ],
        [
          0.04999324241185936,
          0.9721425267327858,
          0.22899690722453409,
          0.7781841133742596
        ],
        [
          0.0,
          0.0,
          0.0,
          1.0
        ]
      ]
    },
    {
      "file_path": "././0017.jpg",
      "sharpness": 270.8086397852474,
      "transform_matrix": [
        [
          -0.17954135153739675,
          -0.7575024123891316,
          0.6276583452727751,
          2.3847919978914467
        ],
        [
          0.9648966242907694,
          -0.011286069661395937,
          0.2623873645466696,
          0.5412517826107316
        ],
        [
          -0.19167526581622368,
          0.6527348006186757,
          0.7329378368069395,
          3.0620911206204795
        ],
        [
          0.0,
          0.0,
          0.0,
          1.0
        ]
      ]
    },
    {
      "file_path": "././0078.jpg",
      "sharpness": 195.19436806572804,
      "transform_matrix": [
        [
          -0.9305505866677656,
          -0.01429428177709642,
          0.36588424294924404,
          1.934185423800552
        ],
        [
          0.35774300415896765,
          -0.24855067117774587,
          0.9001347159410528,
          3.455204120454256
        ],
        [
          0.07807399489138798,
          0.9685134162460616,
          0.2364026521863516,
          0.7951183588267964
        ],
        [
          0.0,
          0.0,
          0.0,
          1.0
        ]
      ]
    },
    {
      "file_path": "././0076.jpg",
      "sharpness": 166.32014386256535,
      "transform_matrix": [
        [
          -0.850951258437167,
          -0.10041617471833308,
          0.5155565417070436,
          2.4933105883434457
        ],
        [
          0.5248001156433031,
          -0.2029223161380262,
          0.8266845663515351,
          3.028454828709689
        ],
        [
          0.021605425691599248,
          0.9740324047759401,
          0.2253754203872774,
          0.775924709603821
        ],
        [
          0.0,
          0.0,
          0.0,
          1.0
        ]
      ]
    },
    {
      "file_path": "././0056.jpg",
      "sharpness": 222.90770758310953,
      "transform_matrix": [
        [
          -0.32043770545712924,
          0.8994050030358749,
          -0.2973050916368493,
          -1.1082062942962845
        ],
        [
          -0.9070236385606247,
          -0.20080816237715998,
          0.37011376767802656,
          2.160725525974965
        ],
        [
          0.27318088522510575,
          0.38826115245189463,
          0.8801281051824287,
          3.286159039996912
        ],
        [
          0.0,
          0.0,
          0.0,
          1.0
        ]
      ]
    },
    {
      "file_path": "././0055.jpg",
      "sharpness": 231.80676381221346,
      "transform_matrix": [
        [
          -0.2361115342565571,
          0.9203733125572251,
          -0.3117119006410278,
          -1.208424937747334
        ],
        [
          -0.9353913908390412,
          -0.12837277523491739,
          0.3294895696870538,
          2.0249709040489394
        ],
        [
          0.2632380849468888,
          0.3693689161020353,
          0.8912195658415273,
          3.3413943117309333
        ],
        [
          0.0,
          0.0,
          0.0,
          1.0
        ]
      ]
    },
    {
      "file_path": "././0054.jpg",
      "sharpness": 254.51717221743263,
      "transform_matrix": [
        [
          -0.13699360872308752,
          0.9368724455247807,
          -0.32171846708454493,
          -1.3047228060597733
        ],
        [
          -0.958365507426816,
          -0.04321081451604808,
          0.2822558762776637,
          1.8542231866188743
        ],
        [
          0.25053603606441716,
          0.3469911330306318,
          0.9037858420659762,
          3.3967109859860045
        ],
        [
          0.0,
          0.0,
          0.0,
          1.0
        ]
      ]
    },
    {
      "file_path": "././0044.jpg",
      "sharpness": 268.0395644225969,
      "transform_matrix": [
        [
          0.7414189574754101,
          -0.17079760974166866,
          0.648942297959068,
          1.9739832607616283
        ],
        [
          0.6137017259192034,
          0.5637372662847464,
          -0.5527843035176222,
          -2.4625701146398673
        ],
        [
          -0.27141871928446365,
          0.8081017703022602,
          0.522784284140211,
          2.2728477911428793
        ],
        [
          0.0,
          0.0,
          0.0,
          1.0
        ]
      ]
    },
    {
      "file_path": "././0000.jpg",
      "sharpness": 201.4949334112803,
      "transform_matrix": [
        [
          0.9665847279924358,
          -0.01879281204522928,
          0.2556575715777038,
          0.14194712639421364
        ],
        [
          0.08354506512689569,
          0.9659521649457153,
          -0.2448604442115935,
          -0.911203503237409
        ],
        [
          -0.24235136844486735,
          0.2580372943320135,
          0.9352446573139951,
          3.9370345461061502
        ],
        [
          0.0,
          0.0,
          0.0,
          1.0
        ]
      ]
    },
    {
      "file_path": "././0005.jpg",
      "sharpness": 231.34498710605834,
      "transform_matrix": [
        [
          0.8071770717777705,
          -0.3954718310096104,
          0.43825472701610085,
          0.96976089582727
        ],
        [
          0.5196304562794668,
          0.8282727205851913,
          -0.20963894974710603,
          -0.9852811418084648
        ],
        [
          -0.2800881357475263,
          0.396946257353446,
          0.8740619572285626,
          3.619605886019953
        ],
        [
          0.0,
          0.0,
          0.0,
          1.0
        ]
      ]
    },
    {
      "file_path": "././0001.jpg",
      "sharpness": 260.15285183677685,
      "transform_matrix": [
        [
          0.9587139009837966,
          -0.09160039637335121,
          0.26921557072811153,
          0.21621441005927014
        ],
        [
          0.16898564900730267,
          0.9449300718599197,
          -0.2802695305135006,
          -1.0040543131668953
        ],
        [
          -0.2287170885075142,
          0.3141918628678567,
          0.9213967477802002,
          3.768454413682918
        ],
        [
          0.0,
          0.0,
          0.0,
          1.0
        ]
      ]
    },
    {
      "file_path": "././0006.jpg",
      "sharpness": 239.83653509517245,
      "transform_matrix": [
        [
          0.7539363251863985,
          -0.45787865757617474,
          0.4710914482119755,
          1.1295521523976328
        ],
        [
          0.5910718513886158,
          0.7857656589776877,
          -0.18222622115728784,
          -0.9355869882113462
        ],
        [
          -0.28672998472435807,
          0.41583586199992634,
          0.8630564592321905,
          3.581799859474769
        ],
        [
          0.0,
          0.0,
          0.0,
          1.0
        ]
      ]
    },
    {
      "file_path": "././0007.jpg",
      "sharpness": 234.22623029577474,
      "transform_matrix": [
        [
          0.6847615829201511,
          -0.5246098807082735,
          0.5058518040866586,
          1.3177737611867504
        ],
        [
          0.6685370731457444,
          0.7285037781747384,
          -0.14946714362937488,
          -0.8631318177498495
        ],
        [
          -0.29010301008442557,
          0.4405300424157936,
          0.8495725544982918,
          3.533958507158789
        ],
        [
          0.0,
          0.0,
          0.0,
          1.0
        ]
      ]
    },
    {
      "file_path": "././0003.jpg",
      "sharpness": 256.20629731876585,
      "transform_matrix": [
        [
          0.898939473948035,
          -0.25130872145647076,
          0.35881993921148153,
          0.6035701213097561
        ],
        [
          0.3532157638093342,
          0.9003027027798829,
          -0.2543494988666135,
          -1.0297002147426482
        ],
        [
          -0.2591263137201475,
          0.3553856636087023,
          0.8980838400321365,
          3.700224591005288
        ],
        [
          0.0,
          0.0,
          0.0,
          1.0
        ]
      ]
    },
    {
      "file_path": "././0004.jpg",
      "sharpness": 245.0610823109521,
      "transform_matrix": [
        [
          0.8594450363970462,
          -0.3202839744006397,
          0.3984625518570065,
          0.778378799450444
        ],
        [
          0.43313299060859656,
          0.8702262149113429,
          -0.23473846582399285,
          -1.0173731664769003
        ],
        [
          -0.2715695895076203,
          0.37433208603524665,
          0.8866371566242989,
          3.6606633772139627
        ],
        [
          0.0,
          0.0,
          0.0,
          1.0
        ]
      ]
    },
    {
      "file_path": "././0010.jpg",
      "sharpness": 250.23723971726102,
      "transform_matrix": [
        [
          0.46179776697057273,
          -0.6677218575908311,
          0.5838581534878396,
          1.7752245434155354
        ],
        [
          0.8383501660018533,
          0.5435533117392849,
          -0.04145837034654976,
          -0.5732878885274197
        ],
        [
          -0.2896753728538121,
          0.5086229627463417,
          0.8107964357450006,
          3.3895588328305197
        ],
        [
          0.0,
          0.0,
          0.0,
          1.0
        ]
      ]
    },
    {
      "file_path": "././0002.jpg",
      "sharpness": 252.647316378265,
      "transform_matrix": [
        [
          0.9327267314002693,
          -0.17447195394850679,
          0.31556359405759526,
          0.41736745830934885
        ],
        [
          0.264719285647998,
          0.9255458327066167,
          -0.2707186941740447,
          -1.027547027158932
        ],
        [
          -0.24483574989099588,
          0.33604233194134747,
          0.9094674303164426,
          3.735527724502971
        ],
        [
          0.0,
          0.0,
          0.0,
          1.0
        ]
      ]
    },
    {
      "file_path": "././0009.jpg",
      "sharpness": 233.76495302326416,
      "transform_matrix": [
        [
          0.5430094333298296,
          -0.624916591316788,
          0.560909983232257,
          1.6268440957769021
        ],
        [
          0.7869846732932368,
          0.6117185643154416,
          -0.08034626365465428,
          -0.6876315501742525
        ],
        [
          -0.29290933644492817,
          0.4850563389982356,
          0.8239687304192306,
          3.4409678760983264
        ],
        [
          0.0,
          0.0,
          0.0,
          1.0
        ]
      ]
    },
    {
      "file_path": "././0011.jpg",
      "sharpness": 247.70324976768495,
      "transform_matrix": [
        [
          0.3769043388360367,
          -0.7042335001745927,
          0.6016629427480135,
          1.9069562449570427
        ],
        [
          0.8818077548547611,
          0.47160887577586796,
          -0.0003895860599276933,
          -0.44541753669872264
        ],
        [
          -0.28347522447078893,
          0.5306978854002714,
          0.7987499931959778,
          3.340770023734286
        ],
        [
          0.0,
          0.0,
          0.0,
          1.0
        ]
      ]
    },
    {
      "file_path": "././0091.jpg",
      "sharpness": 268.0654232152197,
      "transform_matrix": [
        [
          -0.602095423434292,
          0.5395876269000209,
          -0.58849493970099,
          -2.147886590984928
        ],
        [
          -0.7485461723905003,
          -0.12505484443459097,
          0.6511834716060004,
          3.285645898536972
        ],
        [
          0.2777764009855477,
          0.8325902226543812,
          0.4792012022976384,
          1.7245168105509014
        ],
        [
          0.0,
          0.0,
          0.0,
          1.0
        ]
      ]
    },
    {
      "file_path": "././0098.jpg",
      "sharpness": 245.50083317561678,
      "transform_matrix": [
        [
          -0.036777992835611915,
          0.6451515557532592,
          -0.7631689520872298,
          -3.0151035884929263
        ],
        [
          -0.9734120519109196,
          0.14965021166093656,
          0.1734179672187434,
          1.3031872491385512
        ],
        [
          0.22608926655964914,
          0.7492558203618739,
          0.6224944652669882,
          2.344021205031618
        ],
        [
          0.0,
          0.0,
          0.0,
          1.0
        ]
      ]
    },
    {
      "file_path": "././0026.jpg",
      "sharpness": 201.85861760453113,
      "transform_matrix": [
        [
          -0.767485161869332,
          -0.13171031240118547,
          0.6273905641587021,
          2.7160556625052794
        ],
        [
          0.6409178283738259,
          -0.17873778749123304,
          0.7465099735470309,
          2.7564194976889347
        ],
        [
          0.013815339504122838,
          0.9750411258076386,
          0.22159408716348136,
          0.7718262846453435
        ],
        [
          0.0,
          0.0,
          0.0,
          1.0
        ]
      ]
    },
    {
      "file_path": "././0093.jpg",
      "sharpness": 263.9924445648088,
      "transform_matrix": [
        [
          -0.4280792827013507,
          0.5937105289823396,
          -0.6813632919193657,
          -2.6857239574469642
        ],
        [
          -0.8621913124114815,
          -0.04232007596732938,
          0.5048119966702033,
          2.8089780486486937
        ],
        [
          0.2708768513043203,
          0.8035650683225827,
          0.5300084079397597,
          1.9508722831258765
        ],
        [
          0.0,
          0.0,
          0.0,
          1.0
        ]
      ]
    },
    {
      "file_path": "././0028.jpg",
      "sharpness": 211.68874366654293,
      "transform_matrix": [
        [
          -0.6378654066439317,
          -0.20109147475585504,
          0.7434311951117429,
          3.1190036307536864
        ],
        [
          0.7689781650499466,
          -0.11311645188286573,
          0.6291877700652794,
          2.1913920481342832
        ],
        [
          -0.04242999757069596,
          0.9730194690659951,
          0.22678802484332805,
          0.8398075115533329
        ],
        [
          0.0,
          0.0,
          0.0,
          1.0
        ]
      ]
    },
    {
      "file_path": "././0099.jpg",
      "sharpness": 252.22415937753243,
      "transform_matrix": [
        [
          0.05162519896883898,
          0.6454649485850851,
          -0.7620432002565655,
          -3.0061586617245153
        ],
        [
          -0.9751118351863645,
          0.19733017992965637,
          0.1010826838695907,
          0.928451340672419
        ],
        [
          0.21561945116752695,
          0.7378589298263986,
          0.6395877203647007,
          2.405640350055086
        ],
        [
          0.0,
          0.0,
          0.0,
          1.0
        ]
      ]
    },
    {
      "file_path": "././0027.jpg",
      "sharpness": 202.1285966880692,
      "transform_matrix": [
        [
          -0.7061090885548301,
          -0.16768546137709617,
          0.6879618748017983,
          2.9293763129278676
        ],
        [
          0.7079585134059599,
          -0.14754875694757555,
          0.6906693185809831,
          2.483102440234433
        ],
        [
          -0.014307283890927688,
          0.9747363492006615,
          0.2228998682419725,
          0.7992586887295248
        ],
        [
          0.0,
          0.0,
          0.0,
          1.0
        ]
      ]
    },
    {
      "file_path": "././0073.jpg",
      "sharpness": 221.82182927449546,
      "transform_matrix": [
        [
          -0.9116612720713881,
          -0.24277216034368912,
          0.3315650814621822,
          1.7127242230028803
        ],
        [
          0.40537890539679766,
          -0.663606388022997,
          0.6287245063175415,
          2.3350495476091244
        ],
        [
          0.0673918994439405,
          0.7075932730028451,
          0.7033989564806855,
          2.788038092761129
        ],
        [
          0.0,
          0.0,
          0.0,
          1.0
        ]
      ]
    },
    {
      "file_path": "././0048.jpg",
      "sharpness": 253.3397178598086,
      "transform_matrix": [
        [
          0.905560695156054,
          -0.03306668803381437,
          0.4229260238017347,
          0.6540915600532198
        ],
        [
          0.3427115804446734,
          0.6445932997639089,
          -0.683409284790937,
          -2.6586439595288844
        ],
        [
          -0.25001719961879576,
          0.7638102330396571,
          0.59505069354328,
          2.5431765772098665
        ],
        [
          0.0,
          0.0,
          0.0,
          1.0
        ]
      ]
    },
    {
      "file_path": "././0074.jpg",
      "sharpness": 207.45986567729312,
      "transform_matrix": [
        [
          -0.8742698722812031,
          -0.3128428923352703,
          0.3711893252970757,
          1.839653097166733
        ],
        [
          0.4836140686644714,
          -0.6275674143909313,
          0.6101447147967012,
          2.213436604644244
        ],
        [
          0.04206688780612154,
          0.712943521730102,
          0.6999585072424258,
          2.7887836418604093
        ],
        [
          0.0,
          0.0,
          0.0,
          1.0
        ]
      ]
    },
    {
      "file_path": "././0031.jpg",
      "sharpness": 209.64382668859687,
      "transform_matrix": [
        [
          -0.39161484661413715,
          -0.2821469589396083,
          0.8758030061322605,
          3.5048874924755617
        ],
        [
          0.9116958168172599,
          0.009590320313468159,
          0.41075389634678516,
          1.2252115293336663
        ],
        [
          -0.1242921940871472,
          0.9593232611607683,
          0.2534764903744129,
          1.0115508932984174
        ],
        [
          0.0,
          0.0,
          0.0,
          1.0
        ]
      ]
    },
    {
      "file_path": "././0046.jpg",
      "sharpness": 254.64535755147935,
      "transform_matrix": [
        [
          0.8453161431631463,
          -0.10064971336967035,
          0.5247001556929188,
          1.3866649854133386
        ],
        [
          0.46806971767044814,
          0.6130171645079131,
          -0.6364909232883497,
          -2.7028404022768564
        ],
        [
          -0.25758757266836463,
          0.7836323061692828,
          0.5653043881151905,
          2.4428286513081185
        ],
        [
          0.0,
          0.0,
          0.0,
          1.0
        ]
      ]
    },
    {
      "file_path": "././0069.jpg",
      "sharpness": 238.65130267883941,
      "transform_matrix": [
        [
          -0.9843395368785678,
          0.08032442999582462,
          0.15691928549837098,
          1.0754932849509056
        ],
        [
          0.04610419353267426,
          -0.7418690961959592,
          0.6689578816771375,
          2.7373062654797775
        ],
        [
          0.17014722904532253,
          0.6657163285489676,
          0.726547789508123,
          2.8053894495929814
        ],
        [
          0.0,
          0.0,
          0.0,
          1.0
        ]
      ]
    },
    {
      "file_path": "././0039.jpg",
      "sharpness": 230.31156710544164,
      "transform_matrix": [
        [
          0.34124539102895995,
          -0.29972990865986454,
          0.8909060360296304,
          3.166004259507348
        ],
        [
          0.9010571087216959,
          0.3742067655926465,
          -0.21923818877344095,
          -1.3037345168117662
        ],
        [
          -0.2676708238937961,
          0.8775712384240395,
          0.39777009894482046,
          1.7358576200506435
        ],
        [
          0.0,
          0.0,
          0.0,
          1.0
        ]
      ]
    },
    {
      "file_path": "././0029.jpg",
      "sharpness": 211.86295724673803,
      "transform_matrix": [
        [
          -0.5606288818598454,
          -0.23112714661108694,
          0.7951575309344582,
          3.2814602265875155
        ],
        [
          0.8250633100189212,
          -0.07419535729764108,
          0.5601478228342656,
          1.8777615361372784
        ],
        [
          -0.07046837085650418,
          0.970090352051058,
          0.23229058881914036,
          0.8807472135090196
        ],
        [
          0.0,
          0.0,
          0.0,
          1.0
        ]
      ]
    },
    {
      "file_path": "././0067.jpg",
      "sharpness": 250.98214508259034,
      "transform_matrix": [
        [
          -0.9680008802794302,
          0.24064586683344916,
          0.07116082231124732,
          0.7271830241914499
        ],
        [
          -0.13363491749085313,
          -0.7343404925781747,
          0.6654966189223858,
          2.837236229069827
        ],
        [
          0.21240528404361647,
          0.6346917423217093,
          0.7430009337993067,
          2.836499899671163
        ],
        [
          0.0,
          0.0,
          0.0,
          1.0
        ]
      ]
    },
    {
      "file_path": "././0040.jpg",
      "sharpness": 229.98647924167835,
      "transform_matrix": [
        [
          0.43404606208560403,
          -0.2836535084188589,
          0.8550699990219747,
          2.9486079476651708
        ],
        [
          0.8582328153486174,
          0.41879807848679784,
          -0.29672311019605974,
          -1.5721526114103177
        ],
        [
          -0.27393512132604314,
          0.8626406300911611,
          0.4252184058900422,
          1.8575778129440301
        ],
        [
          0.0,
          0.0,
          0.0,
          1.0
        ]
      ]
    },
    {
      "file_path": "././0033.jpg",
      "sharpness": 191.11239250512656,
      "transform_matrix": [
        [
          -0.2169498602399578,
          -0.31232487933564496,
          0.924870762846153,
          3.6113533091480967
        ],
        [
          0.9609917117408145,
          0.09816146472480093,
          0.2585715700118866,
          0.5807297198500365
        ],
        [
          -0.1715450031657131,
          0.9448902035026627,
          0.27884550435900973,
          1.1545441638609324
        ],
        [
          0.0,
          0.0,
          0.0,
          1.0
        ]
      ]
    },
    {
      "file_path": "././0066.jpg",
      "sharpness": 269.7942305277083,
      "transform_matrix": [
        [
          -0.9444876115628074,
          0.32755347768921517,
          0.02553176327384008,
          0.5266267386154461
        ],
        [
          -0.2312926041859382,
          -0.7180870972975322,
          0.6563951949500868,
          2.8674386869345256
        ],
        [
          0.23333855862259067,
          0.6140518219026456,
          0.7539850642855147,
          2.85738738506616
        ],
        [
          0.0,
          0.0,
          0.0,
          1.0
        ]
      ]
    },
    {
      "file_path": "././0036.jpg",
      "sharpness": 229.62623141300412,
      "transform_matrix": [
        [
          0.06557581061378243,
          -0.32628779239551736,
          0.9429931546272181,
          3.5273851254786828
        ],
        [
          0.9713187747412012,
          0.23733395513477154,
          0.014575032940217118,
          -0.40431731307290714
        ],
        [
          -0.22855995037484828,
          0.9149911859420725,
          0.33249282521676304,
          1.433538527834691
        ],
        [
          0.0,
          0.0,
          0.0,
          1.0
        ]
      ]
    },
    {
      "file_path": "././0043.jpg",
      "sharpness": 265.64960296117994,
      "transform_matrix": [
        [
          0.6708459978273765,
          -0.20524928764670486,
          0.7126277970983866,
          2.2509322771172378
        ],
        [
          0.6879641926388607,
          0.531032108829181,
          -0.49468188672020813,
          -2.261895641795851
        ],
        [
          -0.2768951370423993,
          0.8221177709867484,
          0.4974449253914542,
          2.16713679093472
        ],
        [
          0.0,
          0.0,
          0.0,
          1.0
        ]
      ]
    },
    {
      "file_path": "././0068.jpg",
      "sharpness": 251.1386934672038,
      "transform_matrix": [
        [
          -0.979691396123649,
          0.16486156076959962,
          0.11412902444029917,
          0.905152069614544
        ],
        [
          -0.04666018182006697,
          -0.741010771216364,
          0.6698700354424867,
          2.7971487520319487
        ],
        [
          0.19500665597451258,
          0.6509406292127169,
          0.7336543473962713,
          2.812720172848637
        ],
        [
          0.0,
          0.0,
          0.0,
          1.0
        ]
      ]
    },
    {
      "file_path": "././0045.jpg",
      "sharpness": 258.30424503746025,
      "transform_matrix": [
        [
          0.7888264763297665,
          -0.14236745426250821,
          0.5978999065778183,
          1.69255041489994
        ],
        [
          0.5539649754056105,
          0.586065236472221,
          -0.5913123917460986,
          -2.551484421150967
        ],
        [
          -0.26622471024848104,
          0.7976584774335997,
          0.5411703586848434,
          2.3517844869933526
        ],
        [
          0.0,
          0.0,
          0.0,
          1.0
        ]
      ]
    },
    {
      "file_path": "././0071.jpg",
      "sharpness": 231.70126826269362,
      "transform_matrix": [
        [
          -0.9648508265997804,
          -0.08644361368718803,
          0.2481741004621704,
          1.4222981216941866
        ],
        [
          0.23315916208890786,
          -0.7172575742970202,
          0.6566417419395627,
          2.560870478928708
        ],
        [
          0.12124226822973563,
          0.691425392806235,
          0.712201683980676,
          2.7886834200486175
        ],
        [
          0.0,
          0.0,
          0.0,
          1.0
        ]
      ]
    },
    {
      "file_path": "././0035.jpg",
      "sharpness": 199.0127351370811,
      "transform_matrix": [
        [
          -0.030053067275669188,
          -0.32710253161802366,
          0.9445108506704362,
          3.58236002232194
        ],
        [
          0.9767708536040708,
          0.1909659362686886,
          0.09721476608246866,
          -0.07806523550853862
        ],
        [
          -0.2121685950104449,
          0.925492271752934,
          0.3137651068945453,
          1.3371472949330823
        ],
        [
          0.0,
          0.0,
          0.0,
          1.0
        ]
      ]
    },
    {
      "file_path": "././0072.jpg",
      "sharpness": 229.585783386188,
      "transform_matrix": [
        [
          -0.9412211994491421,
          -0.16879495723853719,
          0.2925934315669879,
          1.5801747921205702
        ],
        [
          0.3243708586870358,
          -0.6933729958985371,
          0.6434418657526049,
          2.4494720303707456
        ],
        [
          0.09426664201064046,
          0.7005299073030311,
          0.707369528086772,
          2.7884188980321225
        ],
        [
          0.0,
          0.0,
          0.0,
          1.0
        ]
      ]
    },
    {
      "file_path": "././0037.jpg",
      "sharpness": 238.7527184144656,
      "transform_matrix": [
        [
          0.16271903230089985,
          -0.3223929448782778,
          0.9325155793323551,
          3.423723154459592
        ],
        [
          0.9558522419900766,
          0.28588219784104785,
          -0.06795484125496418,
          -0.7243914744178499
        ],
        [
          -0.24468144194962793,
          0.9024046532046754,
          0.35467849374843474,
          1.5404992784770295
        ],
        [
          0.0,
          0.0,
          0.0,
          1.0
        ]
      ]
    },
    {
      "file_path": "././0070.jpg",
      "sharpness": 238.16119140557183,
      "transform_matrix": [
        [
          -0.9797066761084876,
          0.0025857877669747424,
          0.2004199155969049,
          1.2400899510303893
        ],
        [
          0.13424230102086188,
          -0.734060398065459,
          0.665683360629117,
          2.6631090508640347
        ],
        [
          0.1488416389139031,
          0.6790792632228155,
          0.7188167505517936,
          2.790206313646349
        ],
        [
          0.0,
          0.0,
          0.0,
          1.0
        ]
      ]
    },
    {
      "file_path": "././0042.jpg",
      "sharpness": 258.36120050998267,
      "transform_matrix": [
        [
          0.5936304078010467,
          -0.23811085816636943,
          0.7687042072442596,
          2.4938053910733786
        ],
        [
          0.7551344020872746,
          0.49500028717588934,
          -0.42982176595648597,
          -2.0253472452454093
        ],
        [
          -0.2781635737887396,
          0.8356302621258811,
          0.4736529228498077,
          2.0667725439077524
        ],
        [
          0.0,
          0.0,
          0.0,
          1.0
        ]
      ]
    },
    {
      "file_path": "././0065.jpg",
      "sharpness": 265.306034030109,
      "transform_matrix": [
        [
          -0.9133149705524062,
          0.4068994689200581,
          -0.01698784374838258,
          0.34213740928899083
        ],
        [
          -0.32137764389316165,
          -0.6944788351570554,
          0.6437511611907589,
          2.868615652312555
        ],
        [
          0.25014430766698403,
          0.5934070860246957,
          0.7650463095036425,
          2.8866776139944696
        ],
        [
          0.0,
          0.0,
          0.0,
          1.0
        ]
      ]
    },
    {
      "file_path": "././0038.jpg",
      "sharpness": 235.56784355400941,
      "transform_matrix": [
        [
          0.2521621694548879,
          -0.31359126246963603,
          0.9154642322211674,
          3.3157987586078512
        ],
        [
          0.9328366899070633,
          0.33036792269842363,
          -0.14378019900192288,
          -1.0175774532910085
        ],
        [
          -0.25735180258046586,
          0.8902345510184855,
          0.3758357273718918,
          1.6337682558496518
        ],
        [
          0.0,
          0.0,
          0.0,
          1.0
        ]
      ]
    },
    {
      "file_path": "././0094.jpg",
